Type:          average
Points:        2560
Count:         256
XInc:          4.000000000E-09
XOrg:          -5.116000001262E-06
XRef:          0
YData range:   7.12384E-01
YData center:  1.27566E-01
Coupling:      50 Ohms
XRange:        1.00000E-06
XOffset:       -5.00000000000E-07
YRange:        4.00000E-01
YOffset:       1.32100E-01
Date:          19 JAN 2001
Time:          00:38:47:30
Frame:         54845A:sn ?
Acq mode:      real time
Completion:    100
X Units:       second
Y Units:       Volt
Max bandwidth: 62500000
Min bandwidth: 0
Data:
3.146E-02
3.188E-02
3.242E-02
3.285E-02
3.323E-02
3.344E-02
3.361E-02
3.350E-02
3.323E-02
3.275E-02
3.231E-02
3.178E-02
3.129E-02
3.092E-02
3.054E-02
3.038E-02
3.027E-02
3.027E-02
3.038E-02
3.070E-02
3.097E-02
3.151E-02
3.200E-02
3.231E-02
3.275E-02
3.307E-02
3.312E-02
3.312E-02
3.290E-02
3.258E-02
3.231E-02
3.200E-02
3.167E-02
3.140E-02
3.119E-02
3.102E-02
3.092E-02
3.086E-02
3.097E-02
3.113E-02
3.124E-02
3.156E-02
3.188E-02
3.221E-02
3.253E-02
3.275E-02
3.285E-02
3.302E-02
3.290E-02
3.269E-02
3.248E-02
3.221E-02
3.188E-02
3.173E-02
3.161E-02
3.146E-02
3.134E-02
3.129E-02
3.129E-02
3.296E-02
3.156E-02
4.754E-02
6.973E-02
7.118E-02
6.919E-02
6.859E-02
6.821E-02
6.838E-02
6.844E-02
6.688E-02
6.892E-02
5.116E-02
3.194E-02
3.275E-02
3.263E-02
3.323E-02
3.344E-02
3.339E-02
3.312E-02
3.285E-02
3.248E-02
3.221E-02
3.210E-02
3.204E-02
3.215E-02
3.231E-02
3.237E-02
3.248E-02
3.258E-02
3.446E-02
3.296E-02
5.002E-02
7.085E-02
7.139E-02
6.983E-02
6.881E-02
6.821E-02
6.821E-02
6.805E-02
6.617E-02
6.805E-02
5.040E-02
3.124E-02
3.263E-02
3.248E-02
3.323E-02
3.366E-02
3.366E-02
3.361E-02
3.339E-02
3.312E-02
3.275E-02
3.263E-02
3.248E-02
3.242E-02
3.237E-02
3.231E-02
3.237E-02
3.226E-02
3.409E-02
3.237E-02
5.051E-02
7.042E-02
6.994E-02
6.935E-02
6.859E-02
6.821E-02
6.827E-02
6.821E-02
6.844E-02
6.865E-02
6.886E-02
6.902E-02
6.919E-02
6.923E-02
6.923E-02
6.919E-02
6.913E-02
6.913E-02
6.719E-02
6.923E-02
5.093E-02
3.146E-02
3.441E-02
3.302E-02
3.371E-02
3.414E-02
3.425E-02
3.420E-02
3.393E-02
3.350E-02
3.323E-02
3.302E-02
3.285E-02
3.285E-02
3.285E-02
3.275E-02
3.269E-02
3.269E-02
3.253E-02
3.248E-02
3.253E-02
3.248E-02
3.248E-02
3.269E-02
3.269E-02
3.269E-02
3.258E-02
3.248E-02
3.231E-02
3.226E-02
3.210E-02
3.210E-02
3.204E-02
3.204E-02
3.204E-02
3.200E-02
3.200E-02
3.200E-02
3.404E-02
3.204E-02
5.066E-02
7.037E-02
6.844E-02
6.908E-02
6.848E-02
6.811E-02
6.817E-02
6.821E-02
6.838E-02
6.871E-02
6.902E-02
6.923E-02
6.946E-02
6.956E-02
6.956E-02
6.961E-02
6.961E-02
6.956E-02
6.946E-02
6.946E-02
6.940E-02
6.950E-02
6.950E-02
6.961E-02
6.973E-02
6.973E-02
6.983E-02
6.988E-02
6.767E-02
7.004E-02
5.142E-02
3.221E-02
3.581E-02
3.398E-02
3.468E-02
3.490E-02
3.479E-02
3.452E-02
3.409E-02
3.356E-02
3.317E-02
3.280E-02
3.258E-02
3.253E-02
3.253E-02
3.242E-02
3.248E-02
3.242E-02
3.468E-02
3.263E-02
5.142E-02
7.075E-02
6.805E-02
6.946E-02
6.886E-02
6.848E-02
6.848E-02
6.838E-02
6.617E-02
6.848E-02
4.997E-02
3.107E-02
3.458E-02
3.269E-02
3.339E-02
3.371E-02
3.366E-02
3.356E-02
3.560E-02
3.312E-02
5.159E-02
7.042E-02
6.752E-02
6.892E-02
6.838E-02
6.805E-02
6.817E-02
6.838E-02
6.622E-02
6.892E-02
5.051E-02
3.210E-02
3.549E-02
3.404E-02
3.463E-02
3.485E-02
3.479E-02
3.441E-02
3.393E-02
3.329E-02
3.275E-02
3.237E-02
3.204E-02
3.183E-02
3.194E-02
3.188E-02
3.200E-02
3.215E-02
3.226E-02
3.258E-02
3.285E-02
3.312E-02
3.334E-02
3.366E-02
3.377E-02
3.371E-02
3.356E-02
3.323E-02
3.539E-02
3.253E-02
5.132E-02
6.994E-02
6.644E-02
6.805E-02
6.740E-02
6.709E-02
6.713E-02
6.740E-02
6.784E-02
6.844E-02
6.902E-02
6.956E-02
7.004E-02
7.042E-02
7.064E-02
7.075E-02
7.069E-02
7.054E-02
6.773E-02
6.988E-02
5.040E-02
3.102E-02
3.458E-02
3.280E-02
3.339E-02
3.356E-02
3.361E-02
3.361E-02
3.603E-02
3.361E-02
5.266E-02
7.150E-02
6.827E-02
7.004E-02
6.956E-02
6.923E-02
6.935E-02
6.929E-02
6.929E-02
6.946E-02
6.956E-02
6.950E-02
6.950E-02
6.950E-02
6.940E-02
6.940E-02
6.935E-02
6.935E-02
6.929E-02
6.919E-02
6.913E-02
6.919E-02
6.929E-02
6.940E-02
6.961E-02
6.967E-02
6.967E-02
6.983E-02
6.983E-02
6.988E-02
7.000E-02
6.994E-02
7.000E-02
7.004E-02
7.004E-02
7.004E-02
7.004E-02
6.988E-02
6.713E-02
6.967E-02
5.008E-02
3.092E-02
3.485E-02
3.344E-02
3.414E-02
3.436E-02
3.436E-02
3.425E-02
3.398E-02
3.361E-02
3.323E-02
3.302E-02
3.280E-02
3.280E-02
3.285E-02
3.275E-02
3.263E-02
3.258E-02
3.242E-02
3.237E-02
3.237E-02
3.242E-02
3.248E-02
3.258E-02
3.269E-02
3.263E-02
3.258E-02
3.253E-02
3.237E-02
3.221E-02
3.215E-02
3.215E-02
3.204E-02
3.210E-02
3.215E-02
3.204E-02
3.210E-02
3.210E-02
3.479E-02
3.215E-02
5.201E-02
7.112E-02
6.740E-02
6.886E-02
6.838E-02
6.821E-02
6.827E-02
6.838E-02
6.569E-02
6.881E-02
4.927E-02
3.081E-02
3.463E-02
3.344E-02
3.414E-02
3.431E-02
3.431E-02
3.404E-02
3.361E-02
3.312E-02
3.275E-02
3.263E-02
3.237E-02
3.242E-02
3.248E-02
3.253E-02
3.258E-02
3.269E-02
3.269E-02
3.285E-02
3.302E-02
3.307E-02
3.317E-02
3.339E-02
3.334E-02
3.329E-02
3.317E-02
3.302E-02
3.565E-02
3.263E-02
5.239E-02
7.096E-02
6.719E-02
6.832E-02
6.773E-02
6.752E-02
6.763E-02
6.784E-02
6.536E-02
6.875E-02
4.916E-02
3.097E-02
3.495E-02
3.414E-02
3.485E-02
3.500E-02
3.500E-02
3.458E-02
3.409E-02
3.339E-02
3.280E-02
3.242E-02
3.204E-02
3.200E-02
3.200E-02
3.200E-02
3.215E-02
3.237E-02
3.242E-02
3.269E-02
3.307E-02
3.334E-02
3.356E-02
3.388E-02
3.398E-02
3.393E-02
3.388E-02
3.361E-02
3.317E-02
3.280E-02
3.248E-02
3.210E-02
3.194E-02
3.178E-02
3.178E-02
3.173E-02
3.173E-02
3.188E-02
3.512E-02
3.253E-02
5.342E-02
7.214E-02
6.844E-02
6.973E-02
6.940E-02
6.923E-02
6.929E-02
6.929E-02
6.649E-02
6.935E-02
4.787E-02
3.048E-02
3.431E-02
3.339E-02
3.388E-02
3.398E-02
3.398E-02
3.377E-02
3.656E-02
3.334E-02
5.525E-02
7.198E-02
6.838E-02
6.946E-02
6.896E-02
6.875E-02
6.886E-02
6.908E-02
6.929E-02
6.967E-02
7.010E-02
7.027E-02
7.048E-02
7.054E-02
7.054E-02
7.048E-02
7.031E-02
7.010E-02
6.994E-02
6.977E-02
6.956E-02
6.946E-02
6.929E-02
6.940E-02
6.946E-02
6.950E-02
6.961E-02
6.977E-02
6.988E-02
7.010E-02
7.037E-02
7.054E-02
7.069E-02
7.091E-02
7.091E-02
7.080E-02
7.075E-02
7.048E-02
7.015E-02
6.994E-02
6.967E-02
6.956E-02
6.950E-02
6.940E-02
6.950E-02
6.950E-02
6.956E-02
6.977E-02
6.665E-02
7.015E-02
4.679E-02
3.097E-02
3.512E-02
3.452E-02
3.517E-02
3.522E-02
3.517E-02
3.479E-02
3.754E-02
3.393E-02
5.729E-02
7.220E-02
6.794E-02
6.859E-02
6.794E-02
6.778E-02
6.784E-02
6.805E-02
6.838E-02
6.892E-02
6.940E-02
6.983E-02
7.015E-02
7.042E-02
7.054E-02
7.058E-02
7.042E-02
7.027E-02
6.988E-02
6.961E-02
6.929E-02
6.902E-02
6.892E-02
6.881E-02
6.886E-02
6.886E-02
6.896E-02
6.913E-02
6.923E-02
6.950E-02
6.988E-02
7.010E-02
7.042E-02
7.075E-02
7.085E-02
7.080E-02
7.080E-02
7.058E-02
7.031E-02
7.004E-02
6.983E-02
6.950E-02
6.935E-02
6.929E-02
6.923E-02
6.913E-02
6.923E-02
6.929E-02
6.940E-02
6.940E-02
6.961E-02
6.977E-02
7.000E-02
7.031E-02
7.037E-02
7.048E-02
7.037E-02
7.027E-02
6.692E-02
6.994E-02
4.427E-02
2.990E-02
3.398E-02
3.329E-02
3.371E-02
3.377E-02
3.377E-02
3.361E-02
3.624E-02
3.323E-02
5.923E-02
7.252E-02
6.844E-02
6.908E-02
6.865E-02
6.848E-02
6.844E-02
6.871E-02
6.634E-02
6.940E-02
4.259E-02
3.017E-02
3.409E-02
3.366E-02
3.409E-02
3.409E-02
3.393E-02
3.356E-02
3.307E-02
3.248E-02
3.210E-02
3.183E-02
3.167E-02
3.178E-02
3.188E-02
3.200E-02
3.210E-02
3.231E-02
3.587E-02
3.285E-02
5.971E-02
7.370E-02
6.896E-02
6.946E-02
6.881E-02
6.871E-02
6.848E-02
6.844E-02
6.563E-02
6.854E-02
4.130E-02
2.876E-02
3.307E-02
3.275E-02
3.329E-02
3.350E-02
3.350E-02
3.350E-02
3.323E-02
3.290E-02
3.280E-02
3.269E-02
3.269E-02
3.275E-02
3.275E-02
3.275E-02
3.280E-02
3.285E-02
3.269E-02
3.263E-02
3.269E-02
3.258E-02
3.258E-02
3.269E-02
3.263E-02
3.263E-02
3.263E-02
3.258E-02
3.242E-02
3.226E-02
3.226E-02
3.215E-02
3.215E-02
3.221E-02
3.215E-02
3.210E-02
3.221E-02
3.226E-02
3.226E-02
3.215E-02
3.226E-02
3.221E-02
3.221E-02
3.242E-02
3.248E-02
3.253E-02
3.253E-02
3.242E-02
3.565E-02
3.248E-02
6.149E-02
7.295E-02
6.832E-02
6.854E-02
6.794E-02
6.800E-02
6.794E-02
6.811E-02
6.838E-02
6.871E-02
6.902E-02
6.935E-02
6.950E-02
6.973E-02
6.983E-02
6.983E-02
6.983E-02
6.983E-02
6.671E-02
6.967E-02
4.049E-02
2.887E-02
3.361E-02
3.344E-02
3.398E-02
3.398E-02
3.409E-02
3.398E-02
3.366E-02
3.339E-02
3.323E-02
3.312E-02
3.312E-02
3.323E-02
3.323E-02
3.317E-02
3.307E-02
3.302E-02
3.624E-02
3.302E-02
6.251E-02
7.366E-02
6.871E-02
6.875E-02
6.817E-02
6.817E-02
6.800E-02
6.811E-02
6.547E-02
6.875E-02
3.937E-02
2.876E-02
3.344E-02
3.361E-02
3.420E-02
3.425E-02
3.425E-02
3.393E-02
3.350E-02
3.302E-02
3.263E-02
3.248E-02
3.221E-02
3.226E-02
3.231E-02
3.237E-02
3.248E-02
3.253E-02
3.263E-02
3.275E-02
3.290E-02
3.302E-02
3.317E-02
3.334E-02
3.344E-02
3.344E-02
3.329E-02
3.307E-02
3.597E-02
3.275E-02
6.295E-02
7.312E-02
6.817E-02
6.800E-02
6.746E-02
6.746E-02
6.757E-02
6.790E-02
6.821E-02
6.875E-02
6.929E-02
6.956E-02
7.000E-02
7.031E-02
7.048E-02
7.048E-02
7.042E-02
7.031E-02
7.004E-02
6.967E-02
6.950E-02
6.929E-02
6.913E-02
6.913E-02
6.913E-02
6.919E-02
6.929E-02
6.940E-02
6.671E-02
7.010E-02
3.969E-02
2.973E-02
3.463E-02
3.490E-02
3.560E-02
3.554E-02
3.549E-02
3.512E-02
3.743E-02
3.414E-02
6.472E-02
7.381E-02
6.881E-02
6.832E-02
6.773E-02
6.757E-02
6.752E-02
6.790E-02
6.574E-02
6.908E-02
3.866E-02
2.930E-02
3.425E-02
3.473E-02
3.544E-02
3.539E-02
3.527E-02
3.479E-02
3.420E-02
3.334E-02
3.275E-02
3.221E-02
3.173E-02
3.156E-02
3.151E-02
3.151E-02
3.161E-02
3.178E-02
3.200E-02
3.242E-02
3.285E-02
3.312E-02
3.356E-02
3.382E-02
3.404E-02
3.404E-02
3.393E-02
3.371E-02
3.651E-02
3.312E-02
6.439E-02
7.327E-02
6.811E-02
6.752E-02
6.688E-02
6.688E-02
6.698E-02
6.736E-02
6.547E-02
6.859E-02
3.786E-02
2.892E-02
3.409E-02
3.468E-02
3.549E-02
3.565E-02
3.560E-02
3.522E-02
3.695E-02
3.404E-02
6.557E-02
7.376E-02
6.854E-02
6.784E-02
6.719E-02
6.709E-02
6.719E-02
6.767E-02
6.817E-02
6.886E-02
6.961E-02
7.015E-02
7.080E-02
7.129E-02
7.144E-02
7.156E-02
7.144E-02
7.112E-02
6.817E-02
7.021E-02
3.802E-02
2.774E-02
3.263E-02
3.258E-02
3.312E-02
3.296E-02
3.312E-02
3.307E-02
3.302E-02
3.302E-02
3.329E-02
3.344E-02
3.366E-02
3.404E-02
3.431E-02
3.425E-02
3.431E-02
3.414E-02
3.705E-02
3.371E-02
6.611E-02
7.451E-02
6.896E-02
6.821E-02
6.746E-02
6.736E-02
6.725E-02
6.752E-02
6.784E-02
6.827E-02
6.875E-02
6.919E-02
6.961E-02
6.994E-02
7.021E-02
7.037E-02
7.048E-02
7.048E-02
6.757E-02
7.015E-02
3.743E-02
2.801E-02
3.296E-02
3.323E-02
3.371E-02
3.366E-02
3.366E-02
3.356E-02
3.581E-02
3.361E-02
6.649E-02
7.495E-02
6.977E-02
6.935E-02
6.896E-02
6.913E-02
6.919E-02
6.940E-02
6.763E-02
6.988E-02
3.716E-02
2.844E-02
3.344E-02
3.388E-02
3.446E-02
3.425E-02
3.409E-02
3.371E-02
3.560E-02
3.317E-02
6.590E-02
7.370E-02
6.875E-02
6.821E-02
6.778E-02
6.784E-02
6.805E-02
6.859E-02
6.725E-02
6.977E-02
3.689E-02
2.898E-02
3.409E-02
3.473E-02
3.533E-02
3.517E-02
3.500E-02
3.446E-02
3.571E-02
3.344E-02
6.634E-02
7.339E-02
6.832E-02
6.757E-02
6.709E-02
6.725E-02
6.746E-02
6.811E-02
6.688E-02
6.946E-02
3.662E-02
2.936E-02
3.452E-02
3.533E-02
3.597E-02
3.581E-02
3.560E-02
3.506E-02
3.641E-02
3.361E-02
6.671E-02
7.343E-02
6.805E-02
6.713E-02
6.665E-02
6.671E-02
6.692E-02
6.757E-02
6.821E-02
6.908E-02
6.983E-02
7.042E-02
7.102E-02
7.150E-02
7.166E-02
7.156E-02
7.133E-02
7.085E-02
6.790E-02
6.973E-02
3.571E-02
2.639E-02
3.188E-02
3.204E-02
3.263E-02
3.248E-02
3.275E-02
3.296E-02
3.549E-02
3.377E-02
6.773E-02
7.586E-02
7.080E-02
7.037E-02
6.994E-02
6.994E-02
6.977E-02
6.973E-02
6.967E-02
6.956E-02
6.935E-02
6.919E-02
6.902E-02
6.881E-02
6.881E-02
6.871E-02
6.871E-02
6.875E-02
6.611E-02
6.896E-02
3.549E-02
2.736E-02
3.393E-02
3.404E-02
3.479E-02
3.479E-02
3.495E-02
3.479E-02
3.700E-02
3.446E-02
6.817E-02
7.532E-02
6.886E-02
6.859E-02
6.778E-02
6.784E-02
6.773E-02
6.805E-02
6.832E-02
6.875E-02
6.919E-02
6.946E-02
6.983E-02
7.004E-02
7.021E-02
7.037E-02
7.031E-02
7.031E-02
7.004E-02
6.961E-02
6.940E-02
6.913E-02
6.886E-02
6.875E-02
6.875E-02
6.871E-02
6.892E-02
6.892E-02
6.703E-02
6.896E-02
3.517E-02
2.801E-02
3.393E-02
3.441E-02
3.533E-02
3.527E-02
3.533E-02
3.506E-02
3.651E-02
3.441E-02
6.854E-02
7.489E-02
6.854E-02
6.805E-02
6.736E-02
6.730E-02
6.730E-02
6.763E-02
6.638E-02
6.827E-02
3.452E-02
2.774E-02
3.350E-02
3.431E-02
3.506E-02
3.512E-02
3.506E-02
3.468E-02
3.614E-02
3.366E-02
6.811E-02
7.408E-02
6.805E-02
6.725E-02
6.655E-02
6.661E-02
6.682E-02
6.736E-02
6.790E-02
6.859E-02
6.923E-02
6.983E-02
7.031E-02
7.064E-02
7.096E-02
7.096E-02
7.085E-02
7.058E-02
7.021E-02
6.961E-02
6.913E-02
6.871E-02
6.827E-02
6.800E-02
6.800E-02
6.805E-02
6.821E-02
6.854E-02
6.875E-02
6.913E-02
6.956E-02
6.994E-02
7.031E-02
7.069E-02
7.091E-02
7.102E-02
7.096E-02
7.069E-02
6.827E-02
6.940E-02
3.485E-02
2.677E-02
3.317E-02
3.269E-02
3.323E-02
3.296E-02
3.307E-02
3.302E-02
3.485E-02
3.344E-02
6.875E-02
7.505E-02
6.919E-02
6.902E-02
6.854E-02
6.865E-02
6.875E-02
6.881E-02
6.896E-02
6.913E-02
6.908E-02
6.908E-02
6.902E-02
6.896E-02
6.896E-02
6.892E-02
6.875E-02
6.865E-02
6.622E-02
6.790E-02
3.356E-02
2.618E-02
3.366E-02
3.302E-02
3.388E-02
3.388E-02
3.398E-02
3.398E-02
3.361E-02
3.329E-02
3.302E-02
3.275E-02
3.263E-02
3.258E-02
3.253E-02
3.242E-02
3.231E-02
3.231E-02
3.441E-02
3.275E-02
6.875E-02
7.484E-02
6.757E-02
6.817E-02
6.767E-02
6.784E-02
6.784E-02
6.800E-02
6.661E-02
6.736E-02
3.344E-02
2.677E-02
3.317E-02
3.302E-02
3.371E-02
3.356E-02
3.361E-02
3.329E-02
3.468E-02
3.307E-02
6.875E-02
7.451E-02
6.817E-02
6.794E-02
6.740E-02
6.763E-02
6.773E-02
6.811E-02
6.848E-02
6.896E-02
6.935E-02
6.967E-02
6.994E-02
7.004E-02
7.004E-02
7.000E-02
6.983E-02
6.956E-02
6.929E-02
6.896E-02
6.875E-02
6.859E-02
6.832E-02
6.832E-02
6.832E-02
6.844E-02
6.865E-02
6.875E-02
6.730E-02
6.811E-02
3.404E-02
2.790E-02
3.458E-02
3.431E-02
3.506E-02
3.485E-02
3.473E-02
3.431E-02
3.361E-02
3.290E-02
3.237E-02
3.188E-02
3.151E-02
3.140E-02
3.151E-02
3.146E-02
3.161E-02
3.178E-02
3.194E-02
3.204E-02
3.237E-02
3.248E-02
3.269E-02
3.280E-02
3.285E-02
3.280E-02
3.263E-02
3.242E-02
3.210E-02
3.173E-02
3.151E-02
3.124E-02
3.097E-02
3.092E-02
3.092E-02
3.097E-02
3.102E-02
3.129E-02
3.134E-02
3.156E-02
3.188E-02
3.215E-02
3.237E-02
3.258E-02
3.280E-02
3.280E-02
3.275E-02
3.275E-02
3.473E-02
3.323E-02
6.950E-02
7.505E-02
6.730E-02
6.767E-02
6.703E-02
6.713E-02
6.719E-02
6.725E-02
6.644E-02
6.611E-02
3.296E-02
2.726E-02
3.382E-02
3.393E-02
3.463E-02
3.458E-02
3.458E-02
3.441E-02
3.544E-02
3.441E-02
7.004E-02
7.510E-02
6.784E-02
6.763E-02
6.698E-02
6.703E-02
6.719E-02
6.736E-02
6.688E-02
6.634E-02
3.356E-02
2.811E-02
3.388E-02
3.458E-02
3.533E-02
3.533E-02
3.512E-02
3.458E-02
3.382E-02
3.302E-02
3.231E-02
3.167E-02
3.113E-02
3.102E-02
3.097E-02
3.092E-02
3.119E-02
3.161E-02
3.398E-02
3.361E-02
7.027E-02
7.661E-02
6.886E-02
6.983E-02
6.923E-02
6.946E-02
6.923E-02
6.881E-02
6.763E-02
6.601E-02
3.275E-02
2.639E-02
3.242E-02
3.215E-02
3.263E-02
3.253E-02
3.263E-02
3.280E-02
3.409E-02
3.420E-02
6.994E-02
7.580E-02
6.902E-02
6.908E-02
6.848E-02
6.865E-02
6.881E-02
6.896E-02
6.919E-02
6.946E-02
6.950E-02
6.956E-02
6.950E-02
6.946E-02
6.929E-02
6.923E-02
6.913E-02
6.865E-02
6.725E-02
6.557E-02
3.258E-02
2.661E-02
3.350E-02
3.317E-02
3.393E-02
3.393E-02
3.409E-02
3.425E-02
3.571E-02
3.549E-02
7.096E-02
7.634E-02
6.892E-02
6.902E-02
6.832E-02
6.827E-02
6.821E-02
6.778E-02
6.692E-02
6.509E-02
3.302E-02
2.715E-02
3.280E-02
3.344E-02
3.420E-02
3.414E-02
3.404E-02
3.404E-02
3.468E-02
3.512E-02
7.027E-02
7.526E-02
6.848E-02
6.794E-02
6.725E-02
6.736E-02
6.757E-02
6.784E-02
6.817E-02
6.881E-02
6.913E-02
6.956E-02
6.994E-02
7.004E-02
7.015E-02
7.027E-02
7.010E-02
6.946E-02
6.773E-02
6.547E-02
3.269E-02
2.677E-02
3.269E-02
3.242E-02
3.312E-02
3.302E-02
3.317E-02
3.317E-02
3.302E-02
3.296E-02
3.296E-02
3.307E-02
3.307E-02
3.323E-02
3.329E-02
3.329E-02
3.323E-02
3.307E-02
3.280E-02
3.253E-02
3.226E-02
3.200E-02
3.188E-02
3.178E-02
3.178E-02
3.178E-02
3.167E-02
3.178E-02
3.167E-02
3.178E-02
3.194E-02
3.204E-02
3.215E-02
3.226E-02
3.242E-02
3.237E-02
3.248E-02
3.242E-02
3.237E-02
3.221E-02
3.215E-02
3.215E-02
3.210E-02
3.200E-02
3.200E-02
3.194E-02
3.194E-02
3.194E-02
3.188E-02
3.188E-02
3.200E-02
3.204E-02
3.215E-02
3.231E-02
3.253E-02
3.258E-02
3.269E-02
3.307E-02
3.409E-02
3.565E-02
7.091E-02
7.570E-02
6.844E-02
6.848E-02
6.778E-02
6.800E-02
6.800E-02
6.821E-02
6.848E-02
6.886E-02
6.919E-02
6.946E-02
6.956E-02
6.973E-02
6.988E-02
6.988E-02
6.994E-02
6.988E-02
6.967E-02
6.950E-02
6.940E-02
6.940E-02
6.929E-02
6.929E-02
6.940E-02
6.946E-02
6.956E-02
6.967E-02
6.973E-02
6.988E-02
7.000E-02
7.010E-02
7.021E-02
7.021E-02
7.031E-02
7.031E-02
7.027E-02
7.015E-02
7.000E-02
6.977E-02
6.956E-02
6.946E-02
6.935E-02
6.929E-02
6.923E-02
6.919E-02
6.923E-02
6.935E-02
6.929E-02
6.946E-02
6.950E-02
6.956E-02
6.961E-02
6.961E-02
6.973E-02
6.983E-02
6.983E-02
6.977E-02
6.967E-02
6.950E-02
6.946E-02
6.935E-02
6.929E-02
6.919E-02
6.913E-02
6.919E-02
6.913E-02
6.838E-02
6.827E-02
6.316E-02
3.296E-02
2.828E-02
3.285E-02
3.382E-02
3.441E-02
3.431E-02
3.425E-02
3.398E-02
3.350E-02
3.296E-02
3.269E-02
3.242E-02
3.215E-02
3.215E-02
3.210E-02
3.204E-02
3.210E-02
3.275E-02
3.317E-02
3.689E-02
7.075E-02
7.537E-02
6.886E-02
6.871E-02
6.805E-02
6.817E-02
6.811E-02
6.730E-02
6.763E-02
6.160E-02
3.226E-02
2.774E-02
3.210E-02
3.296E-02
3.350E-02
3.344E-02
3.329E-02
3.307E-02
3.280E-02
3.248E-02
3.226E-02
3.215E-02
3.204E-02
3.215E-02
3.221E-02
3.231E-02
3.248E-02
3.323E-02
3.371E-02
3.780E-02
7.133E-02
7.553E-02
6.940E-02
6.896E-02
6.817E-02
6.827E-02
6.811E-02
6.725E-02
6.790E-02
6.100E-02
3.221E-02
2.774E-02
3.215E-02
3.307E-02
3.366E-02
3.356E-02
3.356E-02
3.414E-02
3.393E-02
3.851E-02
7.054E-02
7.484E-02
6.961E-02
6.838E-02
6.773E-02
6.784E-02
6.794E-02
6.725E-02
6.848E-02
6.095E-02
3.307E-02
2.909E-02
3.329E-02
3.414E-02
3.468E-02
3.463E-02
3.436E-02
3.463E-02
3.334E-02
3.905E-02
7.010E-02
7.408E-02
6.892E-02
6.757E-02
6.688E-02
6.703E-02
6.736E-02
6.778E-02
6.827E-02
6.892E-02
6.946E-02
6.988E-02
7.027E-02
7.037E-02
7.048E-02
7.042E-02
7.021E-02
7.000E-02
6.956E-02
6.913E-02
6.875E-02
6.854E-02
6.817E-02
6.811E-02
6.817E-02
6.817E-02
6.844E-02
6.773E-02
6.929E-02
6.089E-02
3.317E-02
2.984E-02
3.393E-02
3.500E-02
3.560E-02
3.544E-02
3.517E-02
3.549E-02
3.409E-02
4.022E-02
7.042E-02
7.376E-02
6.881E-02
6.736E-02
6.665E-02
6.671E-02
6.692E-02
6.736E-02
6.790E-02
6.859E-02
6.919E-02
6.973E-02
7.015E-02
7.037E-02
7.048E-02
7.037E-02
7.021E-02
6.881E-02
6.956E-02
6.004E-02
3.215E-02
2.780E-02
3.146E-02
3.215E-02
3.258E-02
3.248E-02
3.253E-02
3.356E-02
3.275E-02
4.034E-02
7.075E-02
7.484E-02
7.031E-02
6.935E-02
6.886E-02
6.896E-02
6.896E-02
6.773E-02
6.913E-02
5.928E-02
3.248E-02
2.882E-02
3.226E-02
3.290E-02
3.323E-02
3.302E-02
3.296E-02
3.275E-02
3.231E-02
3.204E-02
3.194E-02
3.183E-02
3.188E-02
3.200E-02
3.215E-02
3.226E-02
3.242E-02
3.248E-02
3.253E-02
3.258E-02
3.258E-02
3.253E-02
3.258E-02
3.242E-02
3.242E-02
3.237E-02
3.215E-02
3.194E-02
3.178E-02
3.156E-02
3.156E-02
3.156E-02
3.156E-02
3.161E-02
3.178E-02
3.178E-02
3.188E-02
3.312E-02
3.215E-02
4.109E-02
7.048E-02
7.420E-02
6.973E-02
6.848E-02
6.778E-02
6.784E-02
6.784E-02
6.800E-02
6.821E-02
6.832E-02
6.848E-02
6.871E-02
6.892E-02
6.902E-02
6.919E-02
6.919E-02
6.923E-02
6.794E-02
6.935E-02
5.777E-02
3.248E-02
3.021E-02
3.285E-02
3.371E-02
3.420E-02
3.409E-02
3.393E-02
3.485E-02
3.329E-02
4.281E-02
7.064E-02
7.381E-02
6.956E-02
6.854E-02
6.800E-02
6.811E-02
6.817E-02
6.692E-02
6.881E-02
5.621E-02
3.253E-02
3.043E-02
3.307E-02
3.393E-02
3.441E-02
3.420E-02
3.398E-02
3.356E-02
3.290E-02
3.231E-02
3.194E-02
3.161E-02
3.151E-02
3.151E-02
3.151E-02
3.151E-02
3.173E-02
3.317E-02
3.237E-02
4.276E-02
7.085E-02
7.393E-02
7.015E-02
6.913E-02
6.854E-02
6.859E-02
6.838E-02
6.838E-02
6.838E-02
6.838E-02
6.844E-02
6.848E-02
6.844E-02
6.838E-02
6.844E-02
6.848E-02
6.865E-02
6.875E-02
6.892E-02
6.902E-02
6.919E-02
6.946E-02
6.961E-02
6.977E-02
6.988E-02
6.994E-02
7.000E-02
6.832E-02
6.977E-02
5.513E-02
3.253E-02
3.113E-02
3.290E-02
3.361E-02
3.393E-02
3.388E-02
3.366E-02
3.490E-02
3.317E-02
4.566E-02
7.031E-02
7.247E-02
6.940E-02
6.854E-02
6.805E-02
6.817E-02
6.821E-02
6.838E-02
6.871E-02
6.896E-02
6.919E-02
6.935E-02
6.950E-02
6.946E-02
6.940E-02
6.935E-02
6.919E-02
6.902E-02
6.875E-02
6.865E-02
6.859E-02
6.854E-02
6.854E-02
6.859E-02
6.865E-02
6.875E-02
6.892E-02
6.740E-02
6.940E-02
5.330E-02
3.258E-02
3.307E-02
3.366E-02
3.431E-02
3.468E-02
3.458E-02
3.420E-02
3.371E-02
3.317E-02
3.248E-02
3.210E-02
3.183E-02
3.167E-02
3.161E-02
3.156E-02
3.161E-02
3.173E-02
3.350E-02
3.204E-02
4.706E-02
7.010E-02
7.187E-02
6.950E-02
6.875E-02
6.821E-02
6.827E-02
6.811E-02
6.811E-02
6.817E-02
6.817E-02
6.821E-02
6.832E-02
6.832E-02
6.832E-02
6.827E-02
6.844E-02
6.848E-02
6.682E-02
6.865E-02
5.132E-02
3.173E-02
3.296E-02
3.302E-02
3.388E-02
3.431E-02
3.420E-02
3.409E-02
3.371E-02
3.329E-02
3.285E-02
3.248E-02
3.226E-02
3.215E-02
3.215E-02
3.204E-02
3.204E-02
3.210E-02
3.377E-02
3.215E-02
4.906E-02
7.015E-02
7.037E-02
6.919E-02
6.848E-02
6.794E-02
6.800E-02
6.794E-02
6.805E-02
6.821E-02
6.832E-02
6.844E-02
6.854E-02
6.865E-02
6.859E-02
6.859E-02
6.859E-02
6.871E-02
6.865E-02
6.865E-02
6.875E-02
6.886E-02
6.892E-02
6.913E-02
6.919E-02
6.929E-02
6.940E-02
6.946E-02
6.752E-02
6.950E-02
5.142E-02
3.194E-02
3.393E-02
3.317E-02
3.377E-02
3.409E-02
3.398E-02
3.377E-02
3.344E-02
3.302E-02
3.258E-02
3.231E-02
3.210E-02
3.204E-02
3.215E-02
3.210E-02
3.210E-02
3.204E-02
3.210E-02
3.210E-02
3.221E-02
3.221E-02
3.226E-02
3.237E-02
3.242E-02
3.231E-02
3.226E-02
3.200E-02
3.377E-02
3.156E-02
4.970E-02
6.913E-02
6.827E-02
6.794E-02
6.730E-02
6.688E-02
6.698E-02
6.719E-02
6.757E-02
6.800E-02
6.844E-02
6.875E-02
6.908E-02
6.935E-02
6.946E-02
6.950E-02
6.946E-02
6.935E-02
6.919E-02
6.892E-02
6.881E-02
6.865E-02
6.859E-02
6.854E-02
6.859E-02
6.865E-02
6.881E-02
6.886E-02
6.902E-02
6.919E-02
6.940E-02
6.956E-02
6.967E-02
6.994E-02
7.010E-02
7.000E-02
7.000E-02
6.983E-02
6.752E-02
6.946E-02
5.078E-02
3.113E-02
3.420E-02
3.242E-02
3.312E-02
3.334E-02
3.329E-02
3.323E-02
3.302E-02
3.269E-02
3.248E-02
3.242E-02
3.242E-02
3.253E-02
3.258E-02
3.253E-02
3.248E-02
3.242E-02
3.441E-02
3.237E-02
5.072E-02
7.004E-02
6.763E-02
6.838E-02
6.757E-02
6.713E-02
6.719E-02
6.730E-02
6.746E-02
6.778E-02
6.800E-02
6.832E-02
6.859E-02
6.875E-02
6.886E-02
6.892E-02
6.896E-02
6.892E-02
6.892E-02
6.875E-02
6.871E-02
6.865E-02
6.871E-02
6.875E-02
6.871E-02
6.875E-02
6.881E-02
6.886E-02
6.886E-02
6.896E-02
6.896E-02
6.908E-02
6.923E-02
6.940E-02
6.961E-02
6.967E-02
6.961E-02
6.950E-02
6.940E-02
6.919E-02
6.919E-02
6.908E-02
6.892E-02
6.896E-02
6.892E-02
6.881E-02
6.881E-02
6.875E-02
6.634E-02
6.892E-02
5.008E-02
3.092E-02
3.473E-02
3.307E-02
3.371E-02
3.398E-02
3.393E-02
3.366E-02
3.329E-02
3.285E-02
3.237E-02
3.204E-02
3.183E-02
3.173E-02
3.167E-02
3.156E-02
3.156E-02
3.151E-02
3.151E-02
3.156E-02
3.161E-02
3.178E-02
3.194E-02
3.215E-02
3.221E-02
3.221E-02
3.210E-02
3.200E-02
3.425E-02
3.173E-02
5.051E-02
6.935E-02
6.596E-02
6.763E-02
6.703E-02
6.661E-02
6.671E-02
6.682E-02
6.472E-02
6.757E-02
4.889E-02
3.032E-02
3.420E-02
3.280E-02
3.361E-02
3.398E-02
3.398E-02
3.377E-02
3.329E-02
3.275E-02
3.215E-02
3.183E-02
3.146E-02
3.134E-02
3.140E-02
3.124E-02
3.129E-02
3.146E-02
3.404E-02
3.200E-02
5.137E-02
7.075E-02
6.740E-02
6.923E-02
6.875E-02
6.844E-02
6.844E-02
6.832E-02
6.827E-02
6.832E-02
6.821E-02
6.817E-02
6.817E-02
6.817E-02
6.805E-02
6.811E-02
6.811E-02
6.821E-02
6.827E-02
6.832E-02
6.854E-02
6.871E-02
6.886E-02
6.913E-02
6.935E-02
6.946E-02
6.946E-02
6.950E-02
6.929E-02
6.929E-02
6.919E-02
6.902E-02
6.896E-02
6.892E-02
6.896E-02
6.892E-02
6.892E-02
6.886E-02
6.628E-02
6.908E-02
4.959E-02
3.054E-02
3.441E-02
3.307E-02
3.377E-02
3.398E-02
3.388E-02
3.366E-02
3.592E-02
3.307E-02
5.191E-02
7.031E-02
6.671E-02
6.800E-02
6.736E-02
6.698E-02
6.709E-02
6.713E-02
6.478E-02
6.784E-02
4.879E-02
3.054E-02
3.425E-02
3.317E-02
3.382E-02
3.393E-02
3.388E-02
3.356E-02
3.571E-02
3.258E-02
5.153E-02
6.950E-02
6.596E-02
6.719E-02
6.661E-02
6.628E-02
6.638E-02
6.671E-02
6.428E-02
6.767E-02
4.873E-02
3.075E-02
3.458E-02
3.377E-02
3.446E-02
3.468E-02
3.452E-02
3.404E-02
3.339E-02
3.258E-02
3.178E-02
3.124E-02
3.081E-02
3.054E-02
3.043E-02
3.038E-02
3.054E-02
3.075E-02
3.382E-02
3.161E-02
5.185E-02
7.129E-02
6.784E-02
6.950E-02
6.908E-02
6.881E-02
6.875E-02
6.871E-02
6.844E-02
6.838E-02
6.805E-02
6.784E-02
6.767E-02
6.757E-02
6.740E-02
6.746E-02
6.752E-02
6.767E-02
6.515E-02
6.838E-02
4.873E-02
3.000E-02
3.431E-02
3.356E-02
3.431E-02
3.458E-02
3.463E-02
3.431E-02
3.673E-02
3.323E-02
5.276E-02
7.102E-02
6.698E-02
6.790E-02
6.719E-02
6.688E-02
6.676E-02
6.698E-02
6.725E-02
6.773E-02
6.821E-02
6.859E-02
6.908E-02
6.940E-02
6.961E-02
6.977E-02
6.973E-02
6.961E-02
6.638E-02
6.886E-02
4.857E-02
2.924E-02
3.312E-02
3.188E-02
3.226E-02
3.237E-02
3.237E-02
3.231E-02
3.221E-02
3.200E-02
3.204E-02
3.210E-02
3.226E-02
3.253E-02
3.275E-02
3.280E-02
3.275E-02
3.263E-02
3.237E-02
3.215E-02
3.194E-02
3.167E-02
3.151E-02
3.151E-02
3.134E-02
3.124E-02
3.113E-02
3.102E-02
3.404E-02
3.119E-02
5.239E-02
7.048E-02
6.676E-02
6.790E-02
6.746E-02
6.740E-02
6.740E-02
6.757E-02
6.773E-02
6.800E-02
6.827E-02
6.848E-02
6.865E-02
6.865E-02
6.859E-02
6.859E-02
6.854E-02
6.854E-02
6.542E-02
6.838E-02
4.700E-02
2.919E-02
3.350E-02
3.263E-02
3.334E-02
3.350E-02
3.366E-02
3.361E-02
3.323E-02
3.285E-02
3.269E-02
3.248E-02
3.226E-02
3.231E-02
3.231E-02
3.221E-02
3.210E-02
3.194E-02
3.178E-02
3.167E-02
3.167E-02
3.167E-02
3.167E-02
3.178E-02
3.188E-02
3.200E-02
3.194E-02
3.188E-02
3.495E-02
3.183E-02
5.471E-02
7.123E-02
6.709E-02
6.784E-02
6.725E-02
6.698E-02
6.698E-02
6.713E-02
6.418E-02
6.778E-02
4.453E-02
2.941E-02
3.339E-02
3.285E-02
3.344E-02
3.366E-02
3.361E-02
3.334E-02
3.597E-02
3.269E-02
5.632E-02
7.106E-02
6.703E-02
6.763E-02
6.713E-02
6.692E-02
6.703E-02
6.730E-02
6.493E-02
6.832E-02
4.453E-02
3.038E-02
3.431E-02
3.393E-02
3.452E-02
3.463E-02
3.452E-02
3.393E-02
3.641E-02
3.275E-02
5.696E-02
7.080E-02
6.671E-02
6.709E-02
6.644E-02
6.634E-02
6.649E-02
6.688E-02
6.439E-02
6.811E-02
4.480E-02
3.070E-02
3.463E-02
3.431E-02
3.490E-02
3.500E-02
3.490E-02
3.431E-02
3.356E-02
3.248E-02
3.161E-02
3.119E-02
3.081E-02
3.059E-02
3.059E-02
3.032E-02
3.038E-02
3.075E-02
3.102E-02
3.146E-02
3.204E-02
3.242E-02
3.290E-02
3.334E-02
3.350E-02
3.356E-02
3.344E-02
3.312E-02
3.269E-02
3.204E-02
