Type:          average
Points:        256
Count:         256
XInc:          4.0000000000E-08
XOrg:          -5.080000001262E-06
XRef:          0
YData range:   7.12384E-01
YData center:  1.27566E-01
Coupling:      50 Ohms
XRange:        1.00000E-06
XOffset:       -5.00000000000E-07
YRange:        4.00000E-01
YOffset:       1.32100E-01
Date:          19 JAN 2001
Time:          00:39:44:15
Frame:         54845A:sn ?
Acq mode:      real time
Completion:    100
X Units:       second
Y Units:       Volt
Max bandwidth: 6250000
Min bandwidth: 0
Data:
3.178E-02
3.167E-02
3.173E-02
3.317E-02
3.371E-02
4.114E-02
5.783E-02
3.275E-02
4.480E-02
5.745E-02
3.317E-02
4.324E-02
6.865E-02
5.815E-02
3.366E-02
3.468E-02
3.242E-02
4.448E-02
6.865E-02
6.950E-02
5.611E-02
3.398E-02
4.669E-02
5.756E-02
4.610E-02
5.771E-02
3.366E-02
3.237E-02
4.733E-02
6.832E-02
5.713E-02
4.469E-02
6.946E-02
6.676E-02
6.988E-02
5.692E-02
3.361E-02
3.479E-02
3.329E-02
4.157E-02
5.734E-02
3.344E-02
3.275E-02
4.190E-02
5.713E-02
3.382E-02
3.479E-02
3.425E-02
4.330E-02
5.777E-02
4.513E-02
6.940E-02
6.676E-02
6.844E-02
6.961E-02
6.089E-02
4.571E-02
6.875E-02
6.649E-02
6.961E-02
6.817E-02
6.817E-02
5.902E-02
4.491E-02
5.740E-02
3.296E-02
4.469E-02
5.692E-02
3.290E-02
3.560E-02
3.388E-02
3.221E-02
4.754E-02
6.854E-02
5.777E-02
3.339E-02
4.513E-02
5.675E-02
3.323E-02
3.269E-02
4.717E-02
6.838E-02
6.973E-02
5.902E-02
4.652E-02
5.659E-02
3.371E-02
3.221E-02
4.330E-02
5.594E-02
4.615E-02
6.859E-02
5.804E-02
3.285E-02
4.749E-02
6.811E-02
5.573E-02
4.556E-02
5.627E-02
4.652E-02
5.530E-02
4.760E-02
5.368E-02
4.610E-02
6.844E-02
5.719E-02
4.529E-02
6.950E-02
5.729E-02
4.636E-02
6.865E-02
6.977E-02
5.875E-02
4.647E-02
5.266E-02
4.588E-02
6.773E-02
6.821E-02
6.746E-02
6.020E-02
4.529E-02
6.886E-02
5.422E-02
3.334E-02
4.598E-02
5.498E-02
4.540E-02
6.854E-02
6.935E-02
5.336E-02
3.334E-02
3.533E-02
3.371E-02
3.183E-02
4.271E-02
5.509E-02
4.900E-02
5.546E-02
3.344E-02
4.610E-02
5.557E-02
4.540E-02
6.908E-02
5.546E-02
4.658E-02
5.255E-02
4.620E-02
6.827E-02
5.638E-02
3.285E-02
3.539E-02
3.226E-02
3.377E-02
3.188E-02
4.933E-02
6.859E-02
6.638E-02
6.946E-02
6.956E-02
6.773E-02
6.956E-02
5.401E-02
3.339E-02
4.453E-02
5.486E-02
3.285E-02
4.615E-02
5.492E-02
4.949E-02
5.255E-02
4.685E-02
6.848E-02
6.929E-02
5.771E-02
4.766E-02
6.800E-02
5.535E-02
4.793E-02
5.519E-02
3.237E-02
3.458E-02
3.183E-02
4.739E-02
6.817E-02
5.530E-02
4.922E-02
5.486E-02
3.296E-02
4.696E-02
6.838E-02
6.896E-02
5.831E-02
4.733E-02
6.854E-02
6.881E-02
5.357E-02
3.312E-02
4.841E-02
6.817E-02
5.212E-02
3.329E-02
4.723E-02
6.821E-02
6.871E-02
5.201E-02
3.307E-02
3.215E-02
4.922E-02
6.790E-02
6.692E-02
6.908E-02
5.368E-02
3.290E-02
4.744E-02
6.773E-02
6.580E-02
6.703E-02
6.923E-02
5.174E-02
3.280E-02
3.167E-02
4.415E-02
5.336E-02
3.269E-02
4.744E-02
6.811E-02
6.611E-02
6.892E-02
5.798E-02
4.862E-02
5.045E-02
4.841E-02
5.347E-02
3.280E-02
4.862E-02
6.821E-02
5.659E-02
4.776E-02
6.784E-02
5.352E-02
3.231E-02
3.215E-02
4.717E-02
6.790E-02
5.272E-02
3.302E-02
3.200E-02
4.308E-02
5.207E-02
5.013E-02
5.035E-02
4.852E-02
5.336E-02
3.329E-02
3.463E-02
3.178E-02
