Type:          average
Points:        512
Count:         256
XInc:          2.0000000000E-08
XOrg:          -5.100000001262E-06
XRef:          0
YData range:   7.12384E-01
YData center:  1.27566E-01
Coupling:      50 Ohms
XRange:        1.00000E-06
XOffset:       -5.00000000000E-07
YRange:        4.00000E-01
YOffset:       1.32100E-01
Date:          19 JAN 2001
Time:          00:40:46:98
Frame:         54845A:sn ?
Acq mode:      real time
Completion:    100
X Units:       second
Y Units:       Volt
Max bandwidth: 12500000
Min bandwidth: 0
Data:
3.183E-02
3.173E-02
3.167E-02
3.161E-02
3.161E-02
3.178E-02
3.173E-02
3.167E-02
3.178E-02
3.226E-02
3.285E-02
3.452E-02
6.929E-02
6.563E-02
3.269E-02
3.554E-02
3.317E-02
3.576E-02
6.950E-02
6.520E-02
3.242E-02
3.646E-02
3.344E-02
3.571E-02
6.946E-02
6.547E-02
6.790E-02
6.596E-02
3.290E-02
3.722E-02
3.290E-02
3.269E-02
3.231E-02
3.263E-02
3.350E-02
3.544E-02
6.929E-02
6.503E-02
6.908E-02
6.886E-02
6.784E-02
6.671E-02
3.382E-02
3.737E-02
3.290E-02
3.597E-02
6.977E-02
6.515E-02
3.248E-02
3.673E-02
6.923E-02
6.530E-02
3.361E-02
3.695E-02
3.285E-02
3.307E-02
3.581E-02
3.641E-02
6.817E-02
6.445E-02
7.000E-02
6.665E-02
3.248E-02
3.737E-02
7.027E-02
6.617E-02
6.935E-02
6.935E-02
6.950E-02
6.913E-02
6.859E-02
6.611E-02
3.317E-02
3.722E-02
3.280E-02
3.253E-02
3.231E-02
3.269E-02
3.317E-02
3.592E-02
6.919E-02
6.461E-02
3.296E-02
3.673E-02
3.280E-02
3.323E-02
3.522E-02
3.662E-02
6.848E-02
6.424E-02
3.366E-02
3.689E-02
3.290E-02
3.285E-02
3.275E-02
3.317E-02
3.210E-02
3.619E-02
6.988E-02
6.509E-02
3.290E-02
3.770E-02
6.967E-02
6.574E-02
6.967E-02
6.977E-02
6.994E-02
6.994E-02
7.000E-02
6.946E-02
6.767E-02
6.542E-02
3.388E-02
3.834E-02
6.892E-02
6.536E-02
6.929E-02
6.935E-02
6.950E-02
6.961E-02
6.967E-02
6.977E-02
6.973E-02
6.908E-02
6.950E-02
6.536E-02
3.275E-02
3.780E-02
6.935E-02
6.407E-02
3.307E-02
3.614E-02
3.215E-02
3.689E-02
6.967E-02
6.347E-02
3.210E-02
3.641E-02
3.258E-02
3.253E-02
3.237E-02
3.231E-02
3.221E-02
3.280E-02
3.366E-02
3.722E-02
6.892E-02
6.515E-02
6.881E-02
6.466E-02
3.280E-02
3.651E-02
3.420E-02
3.759E-02
6.919E-02
6.320E-02
3.280E-02
3.651E-02
3.269E-02
3.334E-02
3.512E-02
3.775E-02
6.838E-02
6.509E-02
6.919E-02
6.881E-02
6.740E-02
6.428E-02
3.398E-02
3.964E-02
6.886E-02
6.305E-02
3.404E-02
3.668E-02
3.269E-02
3.329E-02
3.597E-02
3.839E-02
6.805E-02
6.230E-02
3.393E-02
3.964E-02
6.827E-02
6.493E-02
7.118E-02
6.488E-02
3.188E-02
3.539E-02
3.581E-02
3.915E-02
6.875E-02
6.451E-02
6.988E-02
6.439E-02
3.275E-02
3.899E-02
7.010E-02
6.370E-02
3.317E-02
3.888E-02
6.886E-02
6.299E-02
3.393E-02
3.958E-02
6.848E-02
6.256E-02
3.452E-02
4.007E-02
6.805E-02
6.488E-02
7.133E-02
6.428E-02
3.134E-02
3.920E-02
7.085E-02
6.713E-02
6.736E-02
6.283E-02
3.329E-02
4.055E-02
6.923E-02
6.563E-02
6.929E-02
6.848E-02
6.719E-02
6.283E-02
3.388E-02
4.061E-02
6.875E-02
6.164E-02
3.377E-02
4.034E-02
6.805E-02
6.536E-02
6.902E-02
6.919E-02
6.929E-02
6.854E-02
7.058E-02
6.386E-02
3.204E-02
3.942E-02
6.983E-02
6.644E-02
6.821E-02
6.203E-02
3.226E-02
3.678E-02
3.329E-02
3.883E-02
6.902E-02
6.133E-02
3.231E-02
3.953E-02
6.871E-02
6.526E-02
6.892E-02
6.811E-02
6.671E-02
6.235E-02
3.344E-02
3.635E-02
3.242E-02
3.221E-02
3.194E-02
3.183E-02
3.178E-02
3.258E-02
3.371E-02
3.931E-02
6.854E-02
6.089E-02
3.302E-02
4.076E-02
6.865E-02
6.079E-02
3.398E-02
3.710E-02
3.092E-02
3.893E-02
7.058E-02
6.137E-02
3.134E-02
3.980E-02
6.977E-02
6.655E-02
6.919E-02
6.143E-02
3.258E-02
4.114E-02
6.967E-02
6.079E-02
3.269E-02
4.082E-02
6.865E-02
6.472E-02
7.010E-02
6.187E-02
3.178E-02
3.624E-02
3.269E-02
3.242E-02
3.221E-02
3.200E-02
3.200E-02
3.200E-02
3.210E-02
3.307E-02
3.253E-02
4.044E-02
6.923E-02
6.553E-02
6.919E-02
6.923E-02
6.946E-02
6.956E-02
6.956E-02
6.956E-02
6.950E-02
6.935E-02
6.929E-02
6.827E-02
6.854E-02
6.095E-02
3.317E-02
3.641E-02
3.204E-02
4.017E-02
6.946E-02
5.993E-02
3.215E-02
3.533E-02
3.231E-02
4.163E-02
6.967E-02
5.966E-02
3.242E-02
4.152E-02
6.896E-02
5.987E-02
3.339E-02
4.178E-02
6.838E-02
6.557E-02
6.902E-02
6.794E-02
6.682E-02
5.896E-02
3.420E-02
4.259E-02
6.827E-02
6.439E-02
7.015E-02
6.025E-02
3.173E-02
4.125E-02
6.994E-02
5.981E-02
3.248E-02
3.560E-02
3.221E-02
3.210E-02
3.200E-02
3.307E-02
3.151E-02
4.120E-02
6.896E-02
6.542E-02
6.896E-02
5.912E-02
3.307E-02
4.259E-02
6.913E-02
5.917E-02
3.334E-02
3.560E-02
3.140E-02
4.163E-02
6.973E-02
6.536E-02
6.871E-02
6.773E-02
6.977E-02
5.896E-02
3.296E-02
4.286E-02
6.902E-02
6.569E-02
6.892E-02
6.778E-02
6.827E-02
5.933E-02
3.382E-02
3.581E-02
3.156E-02
4.222E-02
6.908E-02
6.542E-02
6.811E-02
5.821E-02
3.339E-02
3.619E-02
3.210E-02
4.276E-02
6.871E-02
6.520E-02
6.854E-02
6.746E-02
6.908E-02
5.890E-02
3.317E-02
3.597E-02
3.237E-02
3.339E-02
3.253E-02
4.297E-02
6.763E-02
6.499E-02
6.848E-02
6.886E-02
6.908E-02
6.790E-02
6.994E-02
5.848E-02
3.296E-02
3.554E-02
3.242E-02
4.357E-02
6.800E-02
6.499E-02
6.827E-02
6.848E-02
6.881E-02
6.892E-02
6.902E-02
6.767E-02
6.859E-02
5.745E-02
3.344E-02
3.571E-02
3.210E-02
3.317E-02
3.231E-02
4.529E-02
6.709E-02
5.696E-02
3.339E-02
3.587E-02
3.113E-02
4.388E-02
6.875E-02
6.503E-02
6.832E-02
6.848E-02
6.875E-02
6.757E-02
6.886E-02
5.513E-02
3.350E-02
4.432E-02
6.740E-02
5.665E-02
3.344E-02
4.405E-02
6.671E-02
5.675E-02
3.425E-02
3.544E-02
3.043E-02
4.388E-02
6.896E-02
6.596E-02
6.682E-02
5.390E-02
3.414E-02
4.442E-02
6.713E-02
6.482E-02
6.935E-02
5.632E-02
3.215E-02
3.533E-02
3.200E-02
3.312E-02
3.107E-02
4.405E-02
6.746E-02
6.563E-02
6.838E-02
5.471E-02
3.312E-02
3.549E-02
3.221E-02
3.334E-02
3.173E-02
4.642E-02
6.698E-02
5.486E-02
3.339E-02
4.513E-02
6.703E-02
5.540E-02
3.436E-02
4.513E-02
6.622E-02
5.638E-02
3.463E-02
3.533E-02
3.204E-02
3.178E-02
3.178E-02
3.173E-02
