Type:          average
Points:        2560
Count:         256
XInc:          4.000000000E-09
XOrg:          -5.116000002525E-06
XRef:          0
YData range:   7.12384E+00
YData center:  -7.54343E-01
Coupling:      50 Ohms
XRange:        2.00000E-06
XOffset:       -1.000000000000E-06
YRange:        4.00000E+00
YOffset:       -7.09000E-01
Date:          19 JAN 2001
Time:          00:15:03:68
Frame:         54845A:sn ?
Acq mode:      real time
Completion:    100
X Units:       second
Y Units:       Volt
Max bandwidth: 1500000000
Min bandwidth: 0
Data:
2.065E-01
1.301E-01
1.333E-01
1.231E-01
1.231E-01
1.231E-01
1.226E-01
1.226E-01
1.565E-01
1.236E-01
3.932E-01
4.558E-01
4.546E-01
4.627E-01
4.622E-01
4.616E-01
4.616E-01
4.627E-01
4.298E-01
4.643E-01
2.000E-01
1.312E-01
1.328E-01
1.231E-01
1.236E-01
1.236E-01
1.236E-01
1.231E-01
1.236E-01
1.236E-01
1.231E-01
1.220E-01
1.214E-01
1.204E-01
1.187E-01
1.187E-01
1.193E-01
1.193E-01
1.209E-01
1.204E-01
1.209E-01
1.209E-01
1.209E-01
1.199E-01
1.199E-01
1.199E-01
1.193E-01
1.193E-01
1.543E-01
1.187E-01
3.986E-01
4.498E-01
4.525E-01
4.589E-01
4.584E-01
4.589E-01
4.589E-01
4.595E-01
4.611E-01
4.622E-01
4.638E-01
4.648E-01
4.648E-01
4.654E-01
4.648E-01
4.643E-01
4.643E-01
4.648E-01
4.660E-01
4.665E-01
4.660E-01
4.670E-01
4.660E-01
4.654E-01
4.654E-01
4.648E-01
4.643E-01
4.648E-01
4.660E-01
4.665E-01
4.675E-01
4.681E-01
4.681E-01
4.675E-01
4.665E-01
4.665E-01
4.675E-01
4.675E-01
4.681E-01
4.687E-01
4.687E-01
4.687E-01
4.675E-01
4.675E-01
4.670E-01
4.670E-01
4.670E-01
4.675E-01
4.358E-01
4.670E-01
1.828E-01
1.414E-01
1.328E-01
1.247E-01
1.252E-01
1.252E-01
1.258E-01
1.247E-01
1.607E-01
1.241E-01
4.153E-01
4.519E-01
4.589E-01
4.638E-01
4.638E-01
4.627E-01
4.633E-01
4.643E-01
4.325E-01
4.643E-01
1.769E-01
1.430E-01
1.306E-01
1.241E-01
1.247E-01
1.258E-01
1.263E-01
1.252E-01
1.592E-01
1.241E-01
4.196E-01
4.487E-01
4.579E-01
4.627E-01
4.622E-01
4.622E-01
4.627E-01
4.633E-01
4.643E-01
4.665E-01
4.670E-01
4.681E-01
4.687E-01
4.687E-01
4.687E-01
4.687E-01
4.681E-01
4.687E-01
4.375E-01
4.670E-01
1.721E-01
1.473E-01
1.312E-01
1.252E-01
1.247E-01
1.241E-01
1.236E-01
1.236E-01
1.565E-01
1.231E-01
4.261E-01
4.504E-01
4.611E-01
4.660E-01
4.643E-01
4.648E-01
4.648E-01
4.660E-01
4.352E-01
4.648E-01
1.678E-01
1.478E-01
1.312E-01
1.252E-01
1.252E-01
1.247E-01
1.241E-01
1.247E-01
1.247E-01
1.241E-01
1.241E-01
1.231E-01
1.231E-01
1.226E-01
1.220E-01
1.220E-01
1.214E-01
1.220E-01
1.565E-01
1.209E-01
4.298E-01
4.471E-01
4.600E-01
4.643E-01
4.627E-01
4.627E-01
4.622E-01
4.627E-01
4.342E-01
4.633E-01
1.597E-01
1.473E-01
1.285E-01
1.236E-01
1.241E-01
1.236E-01
1.241E-01
1.231E-01
1.553E-01
1.231E-01
4.352E-01
4.423E-01
4.600E-01
4.633E-01
4.627E-01
4.627E-01
4.633E-01
4.638E-01
4.358E-01
4.627E-01
1.553E-01
1.522E-01
1.285E-01
1.241E-01
1.241E-01
1.247E-01
1.241E-01
1.241E-01
1.247E-01
1.236E-01
1.236E-01
1.236E-01
1.226E-01
1.214E-01
1.204E-01
1.199E-01
1.193E-01
1.204E-01
1.516E-01
1.204E-01
4.379E-01
4.417E-01
4.606E-01
4.633E-01
4.627E-01
4.633E-01
4.627E-01
4.638E-01
4.648E-01
4.654E-01
4.654E-01
4.654E-01
4.654E-01
4.648E-01
4.643E-01
4.643E-01
4.643E-01
4.648E-01
4.665E-01
4.670E-01
4.681E-01
4.687E-01
4.687E-01
4.675E-01
4.670E-01
4.675E-01
4.675E-01
4.670E-01
4.681E-01
4.691E-01
4.702E-01
4.702E-01
4.702E-01
4.691E-01
4.681E-01
4.681E-01
4.670E-01
4.675E-01
4.687E-01
4.697E-01
4.702E-01
4.697E-01
4.697E-01
4.691E-01
4.691E-01
4.687E-01
4.687E-01
4.691E-01
4.697E-01
4.708E-01
4.708E-01
4.708E-01
4.708E-01
4.697E-01
4.697E-01
4.697E-01
4.691E-01
4.691E-01
4.439E-01
4.687E-01
1.430E-01
1.586E-01
1.301E-01
1.274E-01
1.268E-01
1.279E-01
1.268E-01
1.268E-01
1.274E-01
1.268E-01
1.268E-01
1.263E-01
1.263E-01
1.247E-01
1.236E-01
1.231E-01
1.231E-01
1.231E-01
1.236E-01
1.241E-01
1.247E-01
1.247E-01
1.236E-01
1.231E-01
1.231E-01
1.236E-01
1.236E-01
1.236E-01
1.241E-01
1.236E-01
1.241E-01
1.231E-01
1.231E-01
1.220E-01
1.209E-01
1.209E-01
1.214E-01
1.209E-01
1.220E-01
1.220E-01
1.220E-01
1.231E-01
1.226E-01
1.226E-01
1.209E-01
1.209E-01
1.204E-01
1.204E-01
1.220E-01
1.214E-01
1.220E-01
1.214E-01
1.220E-01
1.204E-01
1.204E-01
1.193E-01
1.187E-01
1.193E-01
1.204E-01
1.214E-01
1.214E-01
1.220E-01
1.214E-01
1.204E-01
1.199E-01
1.187E-01
1.193E-01
1.193E-01
1.478E-01
1.204E-01
4.600E-01
4.309E-01
4.616E-01
4.611E-01
4.606E-01
4.595E-01
4.600E-01
4.606E-01
4.627E-01
4.638E-01
4.638E-01
4.648E-01
4.660E-01
4.648E-01
4.654E-01
4.654E-01
4.654E-01
4.654E-01
4.428E-01
4.654E-01
1.226E-01
1.618E-01
1.241E-01
1.241E-01
1.226E-01
1.231E-01
1.220E-01
1.226E-01
1.511E-01
1.220E-01
4.675E-01
4.348E-01
4.648E-01
4.638E-01
4.627E-01
4.627E-01
4.627E-01
4.627E-01
4.643E-01
4.654E-01
4.665E-01
4.670E-01
4.675E-01
4.670E-01
4.670E-01
4.665E-01
4.660E-01
4.660E-01
4.433E-01
4.654E-01
1.187E-01
1.629E-01
1.241E-01
1.241E-01
1.236E-01
1.241E-01
1.236E-01
1.241E-01
1.489E-01
1.247E-01
4.735E-01
4.309E-01
4.654E-01
4.643E-01
4.633E-01
4.633E-01
4.633E-01
4.638E-01
4.412E-01
4.622E-01
1.145E-01
1.624E-01
1.236E-01
1.247E-01
1.241E-01
1.252E-01
1.236E-01
1.241E-01
1.511E-01
1.252E-01
4.762E-01
4.282E-01
4.648E-01
4.633E-01
4.633E-01
4.627E-01
4.633E-01
4.633E-01
4.433E-01
4.611E-01
1.091E-01
1.634E-01
1.241E-01
1.263E-01
1.258E-01
1.263E-01
1.252E-01
1.247E-01
1.241E-01
1.236E-01
1.236E-01
1.226E-01
1.226E-01
1.209E-01
1.199E-01
1.193E-01
1.193E-01
1.199E-01
1.204E-01
1.220E-01
1.226E-01
1.231E-01
1.231E-01
1.226E-01
1.220E-01
1.209E-01
1.209E-01
1.214E-01
1.473E-01
1.236E-01
4.794E-01
4.250E-01
4.633E-01
4.611E-01
4.606E-01
4.595E-01
4.600E-01
4.611E-01
4.417E-01
4.595E-01
1.031E-01
1.602E-01
1.220E-01
1.236E-01
1.236E-01
1.236E-01
1.236E-01
1.231E-01
1.241E-01
1.236E-01
1.220E-01
1.220E-01
1.209E-01
1.199E-01
1.187E-01
1.187E-01
1.182E-01
1.193E-01
1.441E-01
1.247E-01
4.821E-01
4.245E-01
4.643E-01
4.616E-01
4.616E-01
4.611E-01
4.611E-01
4.611E-01
4.439E-01
4.584E-01
9.89E-02
1.575E-01
1.193E-01
1.214E-01
1.214E-01
1.214E-01
1.214E-01
1.220E-01
1.451E-01
1.285E-01
4.848E-01
4.256E-01
4.643E-01
4.616E-01
4.611E-01
4.611E-01
4.611E-01
4.616E-01
4.633E-01
4.648E-01
4.654E-01
4.660E-01
4.665E-01
4.660E-01
4.648E-01
4.654E-01
4.643E-01
4.648E-01
4.660E-01
4.665E-01
4.660E-01
4.665E-01
4.660E-01
4.660E-01
4.654E-01
4.660E-01
4.648E-01
4.660E-01
4.670E-01
4.675E-01
4.681E-01
4.681E-01
4.691E-01
4.687E-01
4.675E-01
4.675E-01
4.675E-01
4.670E-01
4.471E-01
4.627E-01
9.19E-02
1.580E-01
1.214E-01
1.247E-01
1.247E-01
1.252E-01
1.247E-01
1.247E-01
1.252E-01
1.252E-01
1.241E-01
1.236E-01
1.236E-01
1.231E-01
1.214E-01
1.214E-01
1.209E-01
1.231E-01
1.430E-01
1.333E-01
4.901E-01
4.277E-01
4.660E-01
4.627E-01
4.622E-01
4.622E-01
4.627E-01
4.616E-01
4.450E-01
4.584E-01
8.86E-02
1.565E-01
1.204E-01
1.241E-01
1.236E-01
1.241E-01
1.231E-01
1.247E-01
1.451E-01
1.366E-01
4.939E-01
4.294E-01
4.675E-01
4.633E-01
4.627E-01
4.627E-01
4.622E-01
4.633E-01
4.638E-01
4.654E-01
4.670E-01
4.681E-01
4.691E-01
4.687E-01
4.681E-01
4.675E-01
4.675E-01
4.670E-01
4.514E-01
4.616E-01
8.75E-02
1.575E-01
1.199E-01
1.241E-01
1.241E-01
1.236E-01
1.226E-01
1.226E-01
1.236E-01
1.241E-01
1.231E-01
1.236E-01
1.236E-01
1.231E-01
1.226E-01
1.226E-01
1.220E-01
1.220E-01
1.226E-01
1.226E-01
1.220E-01
1.220E-01
1.214E-01
1.204E-01
1.204E-01
1.199E-01
1.193E-01
1.220E-01
1.392E-01
1.392E-01
4.945E-01
4.294E-01
4.654E-01
4.611E-01
4.611E-01
4.616E-01
4.616E-01
4.611E-01
4.471E-01
4.546E-01
8.16E-02
1.538E-01
1.187E-01
1.231E-01
1.236E-01
1.241E-01
1.231E-01
1.231E-01
1.231E-01
1.226E-01
1.220E-01
1.214E-01
1.209E-01
1.209E-01
1.199E-01
1.193E-01
1.193E-01
1.199E-01
1.199E-01
1.209E-01
1.209E-01
1.209E-01
1.209E-01
1.209E-01
1.199E-01
1.193E-01
1.187E-01
1.220E-01
1.370E-01
1.419E-01
4.939E-01
4.282E-01
4.638E-01
4.589E-01
4.589E-01
4.589E-01
4.595E-01
4.600E-01
4.622E-01
4.638E-01
4.638E-01
4.648E-01
4.654E-01
4.648E-01
4.643E-01
4.648E-01
4.643E-01
4.633E-01
4.504E-01
4.535E-01
7.63E-02
1.526E-01
1.177E-01
1.226E-01
1.214E-01
1.214E-01
1.209E-01
1.204E-01
1.214E-01
1.220E-01
1.220E-01
1.220E-01
1.226E-01
1.214E-01
1.204E-01
1.199E-01
1.199E-01
1.226E-01
1.376E-01
1.484E-01
4.961E-01
4.298E-01
4.643E-01
4.600E-01
4.606E-01
4.606E-01
4.600E-01
4.600E-01
4.622E-01
4.633E-01
4.638E-01
4.643E-01
4.643E-01
4.643E-01
4.638E-01
4.648E-01
4.643E-01
4.627E-01
4.531E-01
4.492E-01
7.46E-02
1.511E-01
1.166E-01
1.231E-01
1.226E-01
1.226E-01
1.220E-01
1.214E-01
1.220E-01
1.220E-01
1.220E-01
1.214E-01
1.214E-01
1.209E-01
1.204E-01
1.199E-01
1.193E-01
1.193E-01
1.204E-01
1.204E-01
1.204E-01
1.209E-01
1.209E-01
1.199E-01
1.193E-01
1.187E-01
1.182E-01
1.231E-01
1.333E-01
1.538E-01
4.955E-01
4.298E-01
4.643E-01
4.600E-01
4.595E-01
4.584E-01
4.589E-01
4.595E-01
4.616E-01
4.627E-01
4.638E-01
4.638E-01
4.643E-01
4.638E-01
4.633E-01
4.638E-01
4.638E-01
4.638E-01
4.643E-01
4.654E-01
4.654E-01
4.654E-01
4.660E-01
4.648E-01
4.638E-01
4.643E-01
4.648E-01
4.627E-01
4.535E-01
4.439E-01
7.19E-02
1.505E-01
1.182E-01
1.241E-01
1.231E-01
1.231E-01
1.231E-01
1.231E-01
1.226E-01
1.231E-01
1.226E-01
1.209E-01
1.214E-01
1.204E-01
1.204E-01
1.199E-01
1.193E-01
1.193E-01
1.199E-01
1.204E-01
1.199E-01
1.204E-01
1.199E-01
1.199E-01
1.187E-01
1.193E-01
1.182E-01
1.182E-01
1.187E-01
1.193E-01
1.187E-01
1.193E-01
1.187E-01
1.182E-01
1.172E-01
1.172E-01
1.160E-01
1.231E-01
1.290E-01
1.645E-01
4.961E-01
4.309E-01
4.638E-01
4.595E-01
4.595E-01
4.589E-01
4.600E-01
4.600E-01
4.606E-01
4.616E-01
4.622E-01
4.633E-01
4.638E-01
4.627E-01
4.627E-01
4.633E-01
4.633E-01
4.589E-01
4.519E-01
4.336E-01
6.82E-02
1.468E-01
1.150E-01
1.220E-01
1.220E-01
1.220E-01
1.209E-01
1.209E-01
1.220E-01
1.214E-01
1.214E-01
1.204E-01
1.193E-01
1.187E-01
1.187E-01
1.182E-01
1.182E-01
1.182E-01
1.187E-01
1.193E-01
1.187E-01
1.193E-01
1.193E-01
1.187E-01
1.187E-01
1.182E-01
1.177E-01
1.182E-01
1.182E-01
1.182E-01
1.182E-01
1.182E-01
1.172E-01
1.172E-01
1.160E-01
1.160E-01
1.160E-01
1.166E-01
1.172E-01
1.172E-01
1.172E-01
1.172E-01
1.166E-01
1.160E-01
1.156E-01
1.160E-01
1.160E-01
1.231E-01
1.268E-01
1.742E-01
4.945E-01
4.304E-01
4.611E-01
4.562E-01
4.562E-01
4.568E-01
4.568E-01
4.573E-01
4.595E-01
4.606E-01
4.611E-01
4.606E-01
4.616E-01
4.611E-01
4.611E-01
4.606E-01
4.611E-01
4.616E-01
4.622E-01
4.627E-01
4.633E-01
4.633E-01
4.627E-01
4.622E-01
4.622E-01
4.616E-01
4.627E-01
4.573E-01
4.584E-01
4.192E-01
6.77E-02
1.451E-01
1.145E-01
1.209E-01
1.209E-01
1.209E-01
1.209E-01
1.301E-01
1.295E-01
1.882E-01
4.966E-01
4.352E-01
4.643E-01
4.600E-01
4.595E-01
4.589E-01
4.595E-01
4.606E-01
4.611E-01
4.622E-01
4.627E-01
4.643E-01
4.648E-01
4.638E-01
4.638E-01
4.643E-01
4.643E-01
4.573E-01
4.600E-01
4.142E-01
6.98E-02
1.451E-01
1.150E-01
1.209E-01
1.204E-01
1.199E-01
1.199E-01
1.204E-01
1.209E-01
1.209E-01
1.204E-01
1.199E-01
1.193E-01
1.193E-01
1.187E-01
1.187E-01
1.187E-01
1.187E-01
1.182E-01
1.182E-01
1.187E-01
1.187E-01
1.182E-01
1.172E-01
1.166E-01
1.166E-01
1.172E-01
1.172E-01
1.177E-01
1.182E-01
1.182E-01
1.182E-01
1.177E-01
1.177E-01
1.172E-01
1.172E-01
1.166E-01
1.252E-01
1.236E-01
1.909E-01
4.924E-01
4.325E-01
4.616E-01
4.573E-01
4.573E-01
4.573E-01
4.573E-01
4.508E-01
4.546E-01
4.003E-01
6.92E-02
1.424E-01
1.129E-01
1.193E-01
1.187E-01
1.187E-01
1.187E-01
1.290E-01
1.231E-01
1.979E-01
4.934E-01
4.348E-01
4.627E-01
4.573E-01
4.579E-01
4.579E-01
4.579E-01
4.504E-01
4.573E-01
3.965E-01
7.09E-02
1.424E-01
1.145E-01
1.204E-01
1.209E-01
1.204E-01
1.199E-01
1.301E-01
1.231E-01
2.017E-01
4.934E-01
4.348E-01
4.616E-01
4.573E-01
4.579E-01
4.579E-01
4.584E-01
4.595E-01
4.606E-01
4.611E-01
4.622E-01
4.627E-01
4.633E-01
4.633E-01
4.638E-01
4.643E-01
4.638E-01
4.546E-01
4.638E-01
3.922E-01
7.36E-02
1.430E-01
1.150E-01
1.199E-01
1.199E-01
1.193E-01
1.187E-01
1.193E-01
1.193E-01
1.193E-01
1.199E-01
1.187E-01
1.187E-01
1.187E-01
1.177E-01
1.182E-01
1.177E-01
1.285E-01
1.182E-01
2.092E-01
4.924E-01
4.352E-01
4.616E-01
4.573E-01
4.579E-01
4.579E-01
4.579E-01
4.498E-01
4.606E-01
3.836E-01
7.30E-02
1.409E-01
1.139E-01
1.204E-01
1.204E-01
1.204E-01
1.199E-01
1.199E-01
1.199E-01
1.182E-01
1.182E-01
1.172E-01
1.172E-01
1.172E-01
1.160E-01
1.160E-01
1.156E-01
1.274E-01
1.160E-01
2.146E-01
4.901E-01
4.342E-01
4.611E-01
4.573E-01
4.573E-01
4.579E-01
4.589E-01
4.595E-01
4.611E-01
4.616E-01
4.611E-01
4.616E-01
4.606E-01
4.606E-01
4.606E-01
4.606E-01
4.611E-01
4.622E-01
4.622E-01
4.627E-01
4.627E-01
4.627E-01
4.638E-01
4.627E-01
4.627E-01
4.633E-01
4.638E-01
4.525E-01
4.665E-01
3.749E-01
8.00E-02
1.435E-01
1.160E-01
1.209E-01
1.204E-01
1.199E-01
1.204E-01
1.204E-01
1.204E-01
1.199E-01
1.193E-01
1.193E-01
1.187E-01
1.182E-01
1.182E-01
1.182E-01
1.182E-01
1.312E-01
1.187E-01
2.345E-01
4.907E-01
4.375E-01
4.633E-01
4.584E-01
4.589E-01
4.589E-01
4.595E-01
4.606E-01
4.611E-01
4.611E-01
4.622E-01
4.616E-01
4.616E-01
4.622E-01
4.616E-01
4.622E-01
4.627E-01
4.633E-01
4.627E-01
4.633E-01
4.638E-01
4.643E-01
4.638E-01
4.638E-01
4.633E-01
4.638E-01
4.638E-01
4.519E-01
4.654E-01
3.566E-01
8.43E-02
1.424E-01
1.172E-01
1.220E-01
1.220E-01
1.220E-01
1.220E-01
1.360E-01
1.231E-01
2.549E-01
4.924E-01
4.401E-01
4.643E-01
4.611E-01
4.606E-01
4.611E-01
4.616E-01
4.481E-01
4.627E-01
3.460E-01
8.60E-02
1.430E-01
1.182E-01
1.220E-01
1.226E-01
1.220E-01
1.220E-01
1.366E-01
1.231E-01
2.614E-01
4.907E-01
4.396E-01
4.633E-01
4.600E-01
4.595E-01
4.600E-01
4.600E-01
4.465E-01
4.627E-01
3.356E-01
8.75E-02
1.419E-01
1.177E-01
1.226E-01
1.226E-01
1.226E-01
1.226E-01
1.355E-01
1.226E-01
2.474E-01
4.924E-01
4.390E-01
4.633E-01
4.595E-01
4.589E-01
4.595E-01
4.600E-01
4.633E-01
4.648E-01
4.654E-01
4.660E-01
4.638E-01
4.638E-01
4.638E-01
4.648E-01
4.648E-01
4.648E-01
4.648E-01
4.643E-01
4.643E-01
4.643E-01
4.643E-01
4.638E-01
4.638E-01
4.633E-01
4.633E-01
4.638E-01
4.638E-01
4.648E-01
4.654E-01
4.665E-01
4.660E-01
4.670E-01
4.665E-01
4.670E-01
4.681E-01
4.675E-01
4.675E-01
4.675E-01
4.675E-01
4.675E-01
4.675E-01
4.665E-01
4.654E-01
4.654E-01
4.660E-01
4.654E-01
4.660E-01
4.665E-01
4.670E-01
4.681E-01
4.687E-01
4.681E-01
4.681E-01
4.681E-01
4.687E-01
4.687E-01
4.681E-01
4.681E-01
4.691E-01
4.691E-01
4.697E-01
4.691E-01
4.681E-01
4.675E-01
4.670E-01
4.670E-01
4.681E-01
4.681E-01
4.687E-01
4.691E-01
4.691E-01
4.691E-01
4.687E-01
4.697E-01
4.697E-01
4.702E-01
4.541E-01
4.718E-01
3.034E-01
9.83E-02
1.451E-01
1.220E-01
1.252E-01
1.252E-01
1.252E-01
1.247E-01
1.424E-01
1.258E-01
2.942E-01
4.901E-01
4.460E-01
4.687E-01
4.648E-01
4.660E-01
4.654E-01
4.660E-01
4.670E-01
4.670E-01
4.687E-01
4.687E-01
4.691E-01
4.687E-01
4.681E-01
4.681E-01
4.687E-01
4.681E-01
4.508E-01
4.697E-01
2.986E-01
9.83E-02
1.441E-01
1.214E-01
1.252E-01
1.252E-01
1.258E-01
1.252E-01
1.435E-01
1.268E-01
2.963E-01
4.897E-01
4.471E-01
4.691E-01
4.660E-01
4.660E-01
4.660E-01
4.665E-01
4.670E-01
4.675E-01
4.681E-01
4.681E-01
4.687E-01
4.687E-01
4.687E-01
4.691E-01
4.697E-01
4.691E-01
4.514E-01
4.691E-01
2.986E-01
1.031E-01
1.457E-01
1.241E-01
1.263E-01
1.268E-01
1.263E-01
1.263E-01
1.274E-01
1.268E-01
1.268E-01
1.258E-01
1.252E-01
1.241E-01
1.241E-01
1.241E-01
1.241E-01
1.241E-01
1.435E-01
1.241E-01
2.959E-01
4.874E-01
4.471E-01
4.675E-01
4.654E-01
4.648E-01
4.654E-01
4.648E-01
4.660E-01
4.665E-01
4.675E-01
4.681E-01
4.691E-01
4.681E-01
4.687E-01
4.687E-01
4.691E-01
4.691E-01
4.697E-01
4.702E-01
4.702E-01
4.702E-01
4.697E-01
4.691E-01
4.691E-01
4.687E-01
4.687E-01
4.697E-01
4.702E-01
4.708E-01
4.708E-01
4.708E-01
4.708E-01
4.714E-01
4.714E-01
4.714E-01
4.702E-01
4.702E-01
4.508E-01
4.729E-01
2.980E-01
1.091E-01
1.457E-01
1.252E-01
1.279E-01
1.285E-01
1.285E-01
1.285E-01
1.279E-01
1.279E-01
1.274E-01
1.263E-01
1.258E-01
1.252E-01
1.252E-01
1.247E-01
1.247E-01
1.241E-01
1.252E-01
1.252E-01
1.252E-01
1.247E-01
1.247E-01
1.236E-01
1.241E-01
1.231E-01
1.236E-01
1.231E-01
1.446E-01
1.236E-01
2.980E-01
4.831E-01
4.471E-01
4.660E-01
4.643E-01
4.638E-01
4.643E-01
4.648E-01
4.660E-01
4.670E-01
4.675E-01
4.681E-01
4.687E-01
4.681E-01
4.681E-01
4.681E-01
4.691E-01
4.687E-01
4.477E-01
4.708E-01
2.932E-01
1.091E-01
1.435E-01
1.241E-01
1.258E-01
1.268E-01
1.258E-01
1.263E-01
1.484E-01
1.274E-01
3.040E-01
4.848E-01
4.514E-01
4.691E-01
4.670E-01
4.665E-01
4.665E-01
4.670E-01
4.455E-01
4.687E-01
2.921E-01
1.112E-01
1.441E-01
1.252E-01
1.268E-01
1.268E-01
1.263E-01
1.263E-01
1.495E-01
1.279E-01
3.040E-01
4.826E-01
4.504E-01
4.670E-01
4.648E-01
4.648E-01
4.654E-01
4.654E-01
4.665E-01
4.681E-01
4.687E-01
4.697E-01
4.702E-01
4.702E-01
4.697E-01
4.697E-01
4.697E-01
4.702E-01
4.708E-01
4.708E-01
4.708E-01
4.708E-01
4.702E-01
4.697E-01
4.702E-01
4.702E-01
4.697E-01
4.708E-01
4.477E-01
4.741E-01
2.932E-01
1.150E-01
1.457E-01
1.274E-01
1.301E-01
1.295E-01
1.295E-01
1.285E-01
1.290E-01
1.279E-01
1.274E-01
1.263E-01
1.252E-01
1.247E-01
1.241E-01
1.241E-01
1.236E-01
1.241E-01
1.484E-01
1.258E-01
3.050E-01
4.799E-01
4.519E-01
4.687E-01
4.665E-01
4.665E-01
4.670E-01
4.675E-01
4.444E-01
4.697E-01
2.894E-01
1.129E-01
1.414E-01
1.241E-01
1.258E-01
1.252E-01
1.258E-01
1.258E-01
1.263E-01
1.268E-01
1.263E-01
1.252E-01
1.247E-01
1.247E-01
1.236E-01
1.241E-01
1.236E-01
1.247E-01
1.252E-01
1.252E-01
1.252E-01
1.247E-01
1.241E-01
1.236E-01
1.231E-01
1.231E-01
1.226E-01
1.231E-01
1.231E-01
1.231E-01
1.231E-01
1.231E-01
1.231E-01
1.231E-01
1.226E-01
1.220E-01
1.214E-01
1.226E-01
1.478E-01
1.231E-01
3.050E-01
4.762E-01
4.498E-01
4.648E-01
4.633E-01
4.633E-01
4.638E-01
4.643E-01
4.654E-01
4.665E-01
4.670E-01
4.670E-01
4.670E-01
4.670E-01
4.675E-01
4.675E-01
4.665E-01
4.670E-01
4.681E-01
4.687E-01
4.691E-01
4.697E-01
4.687E-01
4.687E-01
4.687E-01
4.687E-01
4.687E-01
4.687E-01
4.691E-01
4.702E-01
4.708E-01
4.708E-01
4.708E-01
4.697E-01
4.697E-01
4.702E-01
4.702E-01
4.702E-01
4.444E-01
4.718E-01
2.878E-01
1.209E-01
1.430E-01
1.268E-01
1.274E-01
1.274E-01
1.268E-01
1.279E-01
1.549E-01
1.274E-01
3.136E-01
4.756E-01
4.541E-01
4.687E-01
4.670E-01
4.670E-01
4.670E-01
4.670E-01
4.687E-01
4.697E-01
4.702E-01
4.708E-01
4.702E-01
4.702E-01
4.697E-01
4.697E-01
4.708E-01
4.708E-01
4.708E-01
4.714E-01
4.718E-01
4.718E-01
4.714E-01
4.714E-01
4.702E-01
4.702E-01
4.702E-01
4.708E-01
4.439E-01
4.718E-01
2.861E-01
1.226E-01
1.430E-01
1.290E-01
1.301E-01
1.301E-01
1.290E-01
1.290E-01
1.575E-01
1.290E-01
3.298E-01
4.751E-01
4.562E-01
4.687E-01
4.670E-01
4.665E-01
4.670E-01
4.681E-01
4.697E-01
4.708E-01
4.714E-01
4.718E-01
4.714E-01
4.718E-01
4.714E-01
4.714E-01
4.718E-01
4.718E-01
4.724E-01
4.729E-01
4.735E-01
4.729E-01
4.729E-01
4.724E-01
4.718E-01
4.714E-01
4.708E-01
4.714E-01
4.718E-01
4.735E-01
4.741E-01
4.745E-01
4.745E-01
4.745E-01
4.735E-01
4.741E-01
4.741E-01
4.741E-01
4.460E-01
4.745E-01
2.753E-01
1.258E-01
1.424E-01
1.290E-01
1.295E-01
1.301E-01
1.295E-01
1.295E-01
1.592E-01
1.301E-01
3.508E-01
4.772E-01
4.589E-01
4.708E-01
4.691E-01
4.697E-01
4.697E-01
4.697E-01
4.412E-01
4.714E-01
2.663E-01
1.252E-01
1.419E-01
1.290E-01
1.295E-01
1.301E-01
1.295E-01
1.295E-01
1.290E-01
1.295E-01
1.285E-01
1.279E-01
1.274E-01
1.263E-01
1.258E-01
1.263E-01
1.258E-01
1.268E-01
1.274E-01
1.274E-01
1.274E-01
1.274E-01
1.279E-01
1.263E-01
1.258E-01
1.258E-01
1.247E-01
1.252E-01
1.258E-01
1.263E-01
1.258E-01
1.252E-01
1.258E-01
1.247E-01
1.241E-01
1.247E-01
1.241E-01
1.241E-01
1.252E-01
1.247E-01
1.252E-01
1.258E-01
1.247E-01
1.241E-01
1.236E-01
1.236E-01
1.236E-01
1.241E-01
1.559E-01
1.241E-01
3.674E-01
4.660E-01
4.546E-01
4.660E-01
4.648E-01
4.648E-01
4.648E-01
4.660E-01
4.352E-01
4.665E-01
2.350E-01
1.241E-01
1.370E-01
1.263E-01
1.268E-01
1.274E-01
1.274E-01
1.268E-01
1.268E-01
1.268E-01
1.263E-01
1.258E-01
1.247E-01
1.241E-01
1.236E-01
1.231E-01
1.226E-01
1.231E-01
1.236E-01
1.241E-01
1.247E-01
1.241E-01
1.247E-01
1.236E-01
1.236E-01
1.236E-01
1.231E-01
1.231E-01
1.236E-01
1.241E-01
1.241E-01
1.241E-01
1.231E-01
1.226E-01
1.209E-01
1.209E-01
1.214E-01
1.220E-01
1.226E-01
1.226E-01
1.236E-01
1.236E-01
1.226E-01
1.220E-01
1.220E-01
1.214E-01
1.214E-01
1.214E-01
1.226E-01
1.231E-01
1.220E-01
1.226E-01
1.220E-01
1.204E-01
1.209E-01
1.204E-01
1.204E-01
1.199E-01
1.538E-01
1.199E-01
3.863E-01
4.568E-01
4.531E-01
4.622E-01
4.616E-01
4.616E-01
4.611E-01
4.622E-01
4.304E-01
4.638E-01
2.033E-01
1.290E-01
1.328E-01
1.226E-01
1.231E-01
1.231E-01
1.226E-01
1.226E-01
1.570E-01
1.236E-01
3.932E-01
4.558E-01
4.552E-01
4.633E-01
4.627E-01
4.622E-01
4.622E-01
4.633E-01
4.643E-01
4.648E-01
4.660E-01
4.665E-01
4.670E-01
4.670E-01
4.665E-01
4.665E-01
4.675E-01
4.670E-01
4.342E-01
4.675E-01
1.968E-01
1.333E-01
1.328E-01
1.236E-01
1.241E-01
1.241E-01
1.241E-01
1.247E-01
1.592E-01
1.236E-01
4.024E-01
4.558E-01
4.584E-01
4.654E-01
4.648E-01
4.643E-01
4.643E-01
4.654E-01
4.665E-01
4.675E-01
4.675E-01
4.687E-01
4.681E-01
4.681E-01
4.675E-01
4.681E-01
4.675E-01
4.681E-01
4.687E-01
4.697E-01
4.697E-01
4.702E-01
4.697E-01
4.687E-01
4.687E-01
4.687E-01
4.675E-01
4.681E-01
4.687E-01
4.697E-01
4.702E-01
4.714E-01
4.714E-01
4.708E-01
4.697E-01
4.691E-01
4.697E-01
4.702E-01
4.708E-01
4.718E-01
4.718E-01
4.714E-01
4.708E-01
4.702E-01
4.697E-01
4.702E-01
4.697E-01
4.697E-01
4.375E-01
4.708E-01
1.865E-01
1.424E-01
1.360E-01
1.279E-01
1.279E-01
1.279E-01
1.274E-01
1.268E-01
1.268E-01
1.268E-01
1.274E-01
1.274E-01
1.263E-01
1.252E-01
1.236E-01
1.231E-01
1.236E-01
1.231E-01
1.580E-01
1.247E-01
4.175E-01
4.525E-01
4.606E-01
4.665E-01
4.654E-01
4.654E-01
4.654E-01
4.660E-01
4.675E-01
4.691E-01
4.697E-01
4.702E-01
4.691E-01
4.691E-01
4.681E-01
4.681E-01
4.691E-01
4.691E-01
4.390E-01
4.691E-01
1.785E-01
1.468E-01
1.343E-01
1.274E-01
1.279E-01
1.274E-01
1.279E-01
1.268E-01
1.602E-01
1.252E-01
4.250E-01
4.492E-01
4.622E-01
4.675E-01
4.660E-01
4.654E-01
4.660E-01
4.660E-01
4.675E-01
4.691E-01
4.702E-01
4.708E-01
4.714E-01
4.708E-01
4.702E-01
4.702E-01
4.708E-01
4.702E-01
4.708E-01
4.708E-01
4.714E-01
4.718E-01
4.714E-01
4.708E-01
4.702E-01
4.708E-01
4.708E-01
4.718E-01
4.444E-01
4.724E-01
1.699E-01
1.538E-01
1.349E-01
1.295E-01
1.295E-01
1.295E-01
1.285E-01
1.285E-01
1.279E-01
1.279E-01
1.274E-01
1.279E-01
1.274E-01
1.258E-01
1.252E-01
1.252E-01
1.252E-01
1.247E-01
1.252E-01
1.263E-01
1.263E-01
1.263E-01
1.263E-01
1.252E-01
1.241E-01
1.247E-01
1.241E-01
1.247E-01
1.580E-01
1.241E-01
4.325E-01
4.465E-01
4.611E-01
4.643E-01
4.638E-01
4.638E-01
4.638E-01
4.654E-01
4.379E-01
4.648E-01
1.586E-01
1.553E-01
1.312E-01
1.274E-01
1.268E-01
1.274E-01
1.268E-01
1.268E-01
1.549E-01
1.252E-01
4.396E-01
4.428E-01
4.622E-01
4.654E-01
4.648E-01
4.638E-01
4.643E-01
4.660E-01
4.665E-01
4.687E-01
4.697E-01
4.702E-01
4.708E-01
4.714E-01
4.702E-01
4.702E-01
4.702E-01
4.708E-01
4.714E-01
4.714E-01
4.714E-01
4.708E-01
4.708E-01
4.702E-01
4.697E-01
4.702E-01
4.697E-01
4.702E-01
4.433E-01
4.697E-01
1.538E-01
1.580E-01
1.322E-01
1.290E-01
1.285E-01
1.290E-01
1.290E-01
1.285E-01
1.575E-01
1.258E-01
4.498E-01
4.444E-01
4.660E-01
4.675E-01
4.660E-01
4.660E-01
4.665E-01
4.665E-01
4.401E-01
4.665E-01
1.478E-01
1.624E-01
1.316E-01
1.279E-01
1.285E-01
1.290E-01
1.285E-01
1.274E-01
1.274E-01
1.279E-01
1.268E-01
1.263E-01
1.263E-01
1.241E-01
1.236E-01
1.231E-01
1.226E-01
1.231E-01
1.532E-01
1.236E-01
4.525E-01
4.401E-01
4.654E-01
4.670E-01
4.675E-01
4.665E-01
4.665E-01
4.670E-01
4.681E-01
4.702E-01
4.702E-01
4.697E-01
4.702E-01
4.687E-01
4.681E-01
4.681E-01
4.687E-01
4.687E-01
4.428E-01
4.691E-01
1.392E-01
1.624E-01
1.301E-01
1.279E-01
1.279E-01
1.285E-01
1.290E-01
1.290E-01
1.285E-01
1.285E-01
1.285E-01
1.279E-01
1.268E-01
1.258E-01
1.247E-01
1.236E-01
1.231E-01
1.236E-01
1.526E-01
1.241E-01
4.579E-01
4.385E-01
4.643E-01
4.654E-01
4.660E-01
4.654E-01
4.654E-01
4.665E-01
4.406E-01
4.670E-01
1.333E-01
1.607E-01
1.285E-01
1.268E-01
1.258E-01
1.268E-01
1.258E-01
1.252E-01
1.549E-01
1.252E-01
4.633E-01
4.358E-01
4.654E-01
4.660E-01
4.660E-01
4.654E-01
4.660E-01
4.670E-01
4.439E-01
4.660E-01
1.301E-01
1.645E-01
1.290E-01
1.285E-01
1.274E-01
1.279E-01
1.274E-01
1.268E-01
1.522E-01
1.263E-01
4.665E-01
4.363E-01
4.665E-01
4.660E-01
4.654E-01
4.654E-01
4.654E-01
4.665E-01
4.439E-01
4.670E-01
1.279E-01
1.661E-01
1.285E-01
1.285E-01
1.274E-01
1.279E-01
1.274E-01
1.263E-01
1.526E-01
1.263E-01
4.702E-01
4.331E-01
4.660E-01
4.654E-01
4.648E-01
4.643E-01
4.643E-01
4.648E-01
4.428E-01
4.660E-01
1.231E-01
1.672E-01
1.279E-01
1.285E-01
1.285E-01
1.290E-01
1.279E-01
1.274E-01
1.268E-01
1.263E-01
1.258E-01
1.247E-01
1.241E-01
1.231E-01
1.231E-01
1.226E-01
1.220E-01
1.226E-01
1.478E-01
1.252E-01
4.729E-01
4.342E-01
4.670E-01
4.670E-01
4.660E-01
4.665E-01
4.660E-01
4.665E-01
4.439E-01
4.654E-01
1.160E-01
1.640E-01
1.247E-01
1.252E-01
1.252E-01
1.252E-01
1.241E-01
1.241E-01
1.252E-01
1.247E-01
1.252E-01
1.247E-01
1.252E-01
1.241E-01
1.236E-01
1.241E-01
1.231E-01
1.236E-01
1.516E-01
1.263E-01
4.756E-01
4.315E-01
4.665E-01
4.654E-01
4.638E-01
4.638E-01
4.638E-01
4.638E-01
4.423E-01
4.643E-01
1.107E-01
1.640E-01
1.247E-01
1.263E-01
1.252E-01
1.263E-01
1.258E-01
1.258E-01
1.252E-01
1.252E-01
1.247E-01
1.247E-01
1.247E-01
1.231E-01
1.220E-01
1.220E-01
1.220E-01
1.220E-01
1.226E-01
1.236E-01
1.236E-01
1.231E-01
1.231E-01
1.231E-01
1.226E-01
1.231E-01
1.226E-01
1.226E-01
1.441E-01
1.268E-01
4.799E-01
4.267E-01
4.654E-01
4.633E-01
4.616E-01
4.616E-01
4.611E-01
4.616E-01
4.406E-01
4.611E-01
1.037E-01
1.618E-01
1.231E-01
1.252E-01
1.247E-01
1.252E-01
1.247E-01
1.241E-01
1.468E-01
1.301E-01
4.831E-01
4.267E-01
4.654E-01
4.627E-01
4.627E-01
4.627E-01
4.627E-01
4.633E-01
4.417E-01
4.616E-01
9.99E-02
1.618E-01
1.231E-01
1.258E-01
1.252E-01
1.252E-01
1.241E-01
1.241E-01
1.241E-01
1.241E-01
1.236E-01
1.231E-01
1.226E-01
1.220E-01
1.209E-01
1.199E-01
1.193E-01
1.204E-01
1.209E-01
1.220E-01
1.226E-01
1.226E-01
1.226E-01
1.226E-01
1.220E-01
1.220E-01
1.214E-01
1.214E-01
1.214E-01
1.220E-01
1.214E-01
1.209E-01
1.209E-01
1.187E-01
1.182E-01
1.182E-01
1.177E-01
1.193E-01
1.392E-01
1.279E-01
4.858E-01
4.256E-01
4.643E-01
4.616E-01
4.616E-01
4.616E-01
4.616E-01
4.622E-01
4.439E-01
4.595E-01
9.13E-02
1.565E-01
1.182E-01
1.214E-01
1.209E-01
1.220E-01
1.209E-01
1.204E-01
1.214E-01
1.214E-01
1.209E-01
1.209E-01
1.204E-01
1.204E-01
1.193E-01
1.204E-01
1.204E-01
1.220E-01
1.451E-01
1.306E-01
4.891E-01
4.261E-01
4.648E-01
4.611E-01
4.611E-01
4.606E-01
4.606E-01
4.606E-01
4.622E-01
4.633E-01
4.638E-01
4.643E-01
4.654E-01
4.648E-01
4.638E-01
4.638E-01
4.633E-01
4.627E-01
4.444E-01
4.595E-01
8.75E-02
1.565E-01
1.199E-01
1.241E-01
1.231E-01
1.236E-01
1.236E-01
1.241E-01
1.441E-01
1.355E-01
4.924E-01
