Type:          average
Points:        256
Count:         256
XInc:          4.0000000000E-08
XOrg:          -5.080000001262E-06
XRef:          0
YData range:   7.12384E+00
YData center:  -7.54343E-01
Coupling:      50 Ohms
XRange:        1.00000E-06
XOffset:       -5.00000000000E-07
YRange:        4.00000E+00
YOffset:       -7.09000E-01
Date:          19 JAN 2001
Time:          00:33:51:96
Frame:         54845A:sn ?
Acq mode:      real time
Completion:    100
X Units:       second
Y Units:       Volt
Max bandwidth: 6250000
Min bandwidth: 0
Data:
2.915E-01
3.292E-01
1.252E-01
1.231E-01
2.851E-01
4.654E-01
4.417E-01
4.508E-01
4.654E-01
3.626E-01
2.797E-01
3.152E-01
2.657E-01
4.681E-01
3.406E-01
2.975E-01
3.281E-01
1.263E-01
2.533E-01
3.142E-01
2.780E-01
3.260E-01
1.258E-01
2.878E-01
4.675E-01
4.439E-01
4.702E-01
4.541E-01
4.729E-01
3.071E-01
1.301E-01
1.516E-01
1.247E-01
1.241E-01
1.409E-01
1.231E-01
2.689E-01
4.660E-01
3.556E-01
2.689E-01
4.665E-01
3.400E-01
2.894E-01
2.975E-01
2.786E-01
3.233E-01
1.258E-01
1.236E-01
2.582E-01
3.196E-01
1.241E-01
2.512E-01
2.878E-01
2.695E-01
4.660E-01
4.423E-01
4.702E-01
3.223E-01
1.274E-01
2.544E-01
2.905E-01
2.759E-01
4.675E-01
2.969E-01
1.263E-01
1.236E-01
2.668E-01
3.179E-01
1.226E-01
1.220E-01
2.689E-01
4.648E-01
2.942E-01
1.241E-01
2.948E-01
4.654E-01
2.905E-01
1.252E-01
1.226E-01
2.888E-01
4.643E-01
4.670E-01
3.002E-01
1.241E-01
1.484E-01
1.220E-01
2.695E-01
4.648E-01
2.830E-01
1.236E-01
1.451E-01
1.392E-01
1.199E-01
2.861E-01
4.633E-01
4.643E-01
3.142E-01
2.786E-01
4.648E-01
2.813E-01
1.231E-01
1.489E-01
1.241E-01
2.560E-01
2.759E-01
2.905E-01
3.109E-01
2.915E-01
4.633E-01
2.926E-01
1.226E-01
2.597E-01
3.055E-01
1.204E-01
3.104E-01
4.627E-01
4.654E-01
3.169E-01
1.231E-01
3.125E-01
4.633E-01
4.665E-01
3.238E-01
3.179E-01
2.942E-01
2.942E-01
3.136E-01
2.834E-01
4.654E-01
4.439E-01
4.681E-01
4.691E-01
4.702E-01
4.498E-01
4.675E-01
3.094E-01
2.911E-01
4.714E-01
3.196E-01
2.936E-01
4.708E-01
2.996E-01
1.301E-01
3.196E-01
4.697E-01
4.455E-01
4.745E-01
3.028E-01
1.306E-01
1.285E-01
2.770E-01
4.697E-01
3.352E-01
3.211E-01
3.217E-01
3.002E-01
4.724E-01
4.735E-01
3.227E-01
1.306E-01
2.899E-01
3.023E-01
1.360E-01
1.549E-01
1.258E-01
2.969E-01
4.681E-01
4.492E-01
4.681E-01
3.013E-01
3.023E-01
4.724E-01
4.751E-01
3.028E-01
3.040E-01
4.681E-01
4.504E-01
4.708E-01
3.055E-01
3.023E-01
2.921E-01
1.355E-01
1.505E-01
1.511E-01
1.328E-01
3.028E-01
2.948E-01
1.349E-01
1.478E-01
1.268E-01
1.478E-01
1.285E-01
3.044E-01
2.990E-01
3.362E-01
4.702E-01
2.905E-01
3.067E-01
4.638E-01
4.519E-01
4.504E-01
4.745E-01
3.217E-01
1.295E-01
3.002E-01
4.714E-01
2.899E-01
3.119E-01
4.724E-01
4.745E-01
2.980E-01
1.301E-01
1.279E-01
3.115E-01
3.017E-01
3.308E-01
4.718E-01
4.745E-01
2.878E-01
2.980E-01
2.576E-01
1.306E-01
3.002E-01
4.729E-01
2.996E-01
1.306E-01
3.023E-01
2.792E-01
2.990E-01
2.990E-01
2.980E-01
2.980E-01
2.872E-01
2.555E-01
1.295E-01
3.142E-01
2.570E-01
1.279E-01
3.142E-01
2.753E-01
1.274E-01
1.252E-01
3.131E-01
2.753E-01
2.899E-01
2.544E-01
1.343E-01
1.489E-01
1.290E-01
3.119E-01
2.447E-01
1.236E-01
2.936E-01
4.665E-01
2.792E-01
2.888E-01
