Type:          average
Points:        512
Count:         256
XInc:          2.0000000000E-08
XOrg:          -5.100000001262E-06
XRef:          0
YData range:   7.12384E+00
YData center:  -7.54343E-01
Coupling:      50 Ohms
XRange:        1.00000E-06
XOffset:       -5.00000000000E-07
YRange:        4.00000E+00
YOffset:       -7.09000E-01
Date:          19 JAN 2001
Time:          00:32:36:33
Frame:         54845A:sn ?
Acq mode:      real time
Completion:    100
X Units:       second
Y Units:       Volt
Max bandwidth: 12500000
Min bandwidth: 0
Data:
1.258E-01
2.780E-01
4.648E-01
3.287E-01
1.263E-01
1.505E-01
1.236E-01
1.387E-01
1.226E-01
2.830E-01
4.638E-01
4.385E-01
4.670E-01
4.681E-01
4.691E-01
4.691E-01
4.702E-01
4.531E-01
4.691E-01
3.250E-01
1.290E-01
2.899E-01
4.675E-01
3.061E-01
1.274E-01
2.728E-01
4.665E-01
4.406E-01
4.724E-01
3.244E-01
1.268E-01
2.915E-01
4.691E-01
3.238E-01
1.252E-01
1.532E-01
1.241E-01
2.689E-01
4.660E-01
3.028E-01
1.263E-01
2.942E-01
4.675E-01
3.169E-01
1.268E-01
1.549E-01
1.241E-01
2.872E-01
4.670E-01
4.417E-01
4.681E-01
4.691E-01
4.702E-01
4.714E-01
4.718E-01
4.714E-01
4.718E-01
4.558E-01
4.741E-01
3.094E-01
1.295E-01
1.532E-01
1.274E-01
1.268E-01
1.263E-01
1.252E-01
1.241E-01
1.236E-01
1.241E-01
1.236E-01
1.236E-01
1.403E-01
1.226E-01
2.861E-01
4.660E-01
4.406E-01
4.681E-01
3.211E-01
1.263E-01
2.884E-01
4.665E-01
4.417E-01
4.697E-01
3.227E-01
1.268E-01
2.975E-01
4.681E-01
2.969E-01
1.268E-01
2.963E-01
4.660E-01
3.028E-01
1.285E-01
1.505E-01
1.247E-01
1.424E-01
1.247E-01
2.695E-01
4.638E-01
3.007E-01
1.258E-01
1.516E-01
1.226E-01
2.689E-01
4.665E-01
2.942E-01
1.231E-01
2.953E-01
4.643E-01
4.412E-01
4.665E-01
4.681E-01
4.681E-01
4.508E-01
4.702E-01
3.050E-01
1.274E-01
1.538E-01
1.252E-01
2.716E-01
4.670E-01
2.959E-01
1.247E-01
3.034E-01
4.654E-01
4.439E-01
4.697E-01
3.040E-01
1.268E-01
1.495E-01
1.247E-01
1.430E-01
1.236E-01
2.705E-01
4.648E-01
2.867E-01
1.247E-01
1.468E-01
1.231E-01
1.409E-01
1.226E-01
2.878E-01
4.622E-01
4.417E-01
4.681E-01
3.007E-01
1.241E-01
1.516E-01
1.231E-01
2.888E-01
4.633E-01
4.423E-01
4.665E-01
3.002E-01
1.241E-01
1.468E-01
1.226E-01
1.414E-01
1.214E-01
2.884E-01
4.622E-01
4.412E-01
4.660E-01
4.471E-01
4.670E-01
3.002E-01
1.263E-01
1.473E-01
1.236E-01
1.226E-01
1.214E-01
1.414E-01
1.209E-01
2.884E-01
4.616E-01
4.423E-01
4.643E-01
2.975E-01
1.247E-01
1.468E-01
1.220E-01
1.209E-01
1.204E-01
1.199E-01
1.199E-01
1.392E-01
1.193E-01
2.878E-01
4.600E-01
4.396E-01
4.638E-01
4.444E-01
4.665E-01
3.173E-01
1.247E-01
3.142E-01
4.627E-01
4.396E-01
4.670E-01
2.975E-01
1.241E-01
1.457E-01
1.220E-01
1.209E-01
1.199E-01
1.392E-01
1.187E-01
2.674E-01
4.606E-01
2.905E-01
1.220E-01
2.911E-01
4.611E-01
2.915E-01
1.231E-01
3.125E-01
4.606E-01
4.379E-01
4.665E-01
2.948E-01
1.220E-01
1.473E-01
1.214E-01
2.695E-01
4.600E-01
2.705E-01
1.226E-01
1.532E-01
1.182E-01
2.899E-01
4.611E-01
4.401E-01
4.638E-01
4.439E-01
4.665E-01
2.953E-01
1.252E-01
1.495E-01
1.204E-01
2.899E-01
4.600E-01
4.412E-01
4.638E-01
4.444E-01
4.675E-01
3.169E-01
1.263E-01
2.936E-01
4.638E-01
2.936E-01
1.258E-01
2.942E-01
4.638E-01
2.942E-01
1.268E-01
3.158E-01
4.648E-01
4.444E-01
4.660E-01
4.675E-01
4.675E-01
4.687E-01
4.687E-01
4.691E-01
4.691E-01
4.702E-01
4.702E-01
4.708E-01
4.718E-01
4.498E-01
4.724E-01
3.211E-01
1.295E-01
3.206E-01
4.691E-01
4.465E-01
4.714E-01
3.206E-01
1.285E-01
3.211E-01
4.702E-01
4.444E-01
4.724E-01
2.980E-01
1.290E-01
1.559E-01
1.268E-01
2.996E-01
4.665E-01
4.487E-01
4.702E-01
4.714E-01
4.718E-01
4.508E-01
4.741E-01
3.007E-01
1.322E-01
1.495E-01
1.279E-01
1.495E-01
1.274E-01
2.996E-01
4.670E-01
4.460E-01
4.724E-01
3.206E-01
1.295E-01
2.990E-01
4.687E-01
2.990E-01
1.301E-01
3.227E-01
4.691E-01
4.519E-01
4.729E-01
4.498E-01
4.724E-01
2.990E-01
1.316E-01
1.592E-01
1.279E-01
2.792E-01
4.691E-01
2.759E-01
1.290E-01
1.478E-01
1.274E-01
1.263E-01
1.263E-01
1.484E-01
1.241E-01
2.996E-01
4.665E-01
4.492E-01
4.697E-01
4.708E-01
4.718E-01
4.492E-01
4.724E-01
3.200E-01
1.295E-01
3.233E-01
4.697E-01
4.525E-01
4.718E-01
4.492E-01
4.735E-01
3.223E-01
1.316E-01
3.254E-01
4.697E-01
4.535E-01
4.741E-01
4.751E-01
4.751E-01
4.525E-01
4.778E-01
3.196E-01
1.322E-01
3.028E-01
4.724E-01
2.786E-01
1.333E-01
1.499E-01
1.290E-01
1.279E-01
1.279E-01
1.274E-01
1.274E-01
1.505E-01
1.268E-01
2.915E-01
4.670E-01
2.743E-01
1.295E-01
1.462E-01
1.274E-01
1.263E-01
1.252E-01
1.252E-01
1.247E-01
1.247E-01
1.247E-01
1.478E-01
1.236E-01
2.905E-01
4.654E-01
2.948E-01
1.252E-01
3.206E-01
4.648E-01
4.465E-01
4.714E-01
2.990E-01
1.252E-01
3.223E-01
4.670E-01
4.514E-01
4.708E-01
4.708E-01
4.714E-01
4.718E-01
4.718E-01
4.471E-01
4.729E-01
2.936E-01
1.295E-01
1.565E-01
1.274E-01
3.055E-01
4.687E-01
4.487E-01
4.708E-01
2.969E-01
1.295E-01
3.244E-01
4.687E-01
4.541E-01
4.724E-01
4.481E-01
4.729E-01
2.948E-01
1.333E-01
1.468E-01
1.290E-01
1.526E-01
1.285E-01
3.055E-01
4.665E-01
2.980E-01
1.295E-01
3.244E-01
4.681E-01
4.535E-01
4.724E-01
4.471E-01
4.718E-01
2.905E-01
1.312E-01
2.990E-01
4.691E-01
2.749E-01
1.322E-01
1.586E-01
1.263E-01
3.067E-01
4.697E-01
4.492E-01
4.714E-01
2.921E-01
1.312E-01
1.570E-01
1.285E-01
3.109E-01
4.697E-01
2.980E-01
1.295E-01
2.986E-01
4.702E-01
2.996E-01
1.316E-01
2.996E-01
4.691E-01
2.990E-01
1.316E-01
3.007E-01
4.681E-01
2.728E-01
1.316E-01
1.549E-01
1.252E-01
3.142E-01
4.702E-01
2.722E-01
1.290E-01
1.549E-01
1.285E-01
3.173E-01
4.675E-01
2.716E-01
1.290E-01
1.435E-01
1.252E-01
1.505E-01
1.241E-01
3.146E-01
4.654E-01
2.921E-01
1.279E-01
3.034E-01
4.648E-01
2.705E-01
1.290E-01
1.424E-01
1.247E-01
1.241E-01
1.231E-01
1.495E-01
1.226E-01
3.173E-01
4.654E-01
2.684E-01
1.263E-01
1.516E-01
1.241E-01
3.034E-01
4.633E-01
4.396E-01
4.675E-01
2.711E-01
1.274E-01
3.040E-01
