Type:          average
Points:        1024
Count:         256
XInc:          1.0000000000E-08
XOrg:          -5.110000001262E-06
XRef:          0
YData range:   7.12384E+00
YData center:  -7.54343E-01
Coupling:      50 Ohms
XRange:        1.00000E-06
XOffset:       -5.00000000000E-07
YRange:        4.00000E+00
YOffset:       -7.09000E-01
Date:          19 JAN 2001
Time:          00:29:21:46
Frame:         54845A:sn ?
Acq mode:      real time
Completion:    100
X Units:       second
Y Units:       Volt
Max bandwidth: 25000000
Min bandwidth: 0
Data:
1.177E-01
1.543E-01
1.392E-01
1.888E-01
4.751E-01
4.363E-01
4.546E-01
4.099E-01
1.193E-01
1.602E-01
1.252E-01
1.252E-01
1.241E-01
1.231E-01
1.231E-01
1.231E-01
1.226E-01
1.306E-01
1.333E-01
1.882E-01
4.708E-01
4.304E-01
4.648E-01
4.654E-01
4.665E-01
4.675E-01
4.681E-01
4.687E-01
4.687E-01
4.687E-01
4.691E-01
4.691E-01
4.702E-01
4.714E-01
4.708E-01
4.714E-01
4.708E-01
4.616E-01
4.633E-01
4.046E-01
1.220E-01
1.553E-01
1.392E-01
1.995E-01
4.741E-01
4.379E-01
4.579E-01
4.013E-01
1.226E-01
1.543E-01
1.370E-01
2.017E-01
4.724E-01
4.342E-01
4.681E-01
4.687E-01
4.702E-01
4.622E-01
4.660E-01
3.997E-01
1.231E-01
1.543E-01
1.355E-01
2.048E-01
4.735E-01
4.396E-01
4.611E-01
3.970E-01
1.226E-01
1.602E-01
1.263E-01
1.268E-01
1.263E-01
1.349E-01
1.322E-01
2.075E-01
4.718E-01
4.375E-01
4.584E-01
3.901E-01
1.231E-01
1.538E-01
1.343E-01
2.129E-01
4.708E-01
4.352E-01
4.600E-01
3.901E-01
1.220E-01
1.580E-01
1.263E-01
1.263E-01
1.247E-01
1.343E-01
1.295E-01
2.108E-01
4.702E-01
4.348E-01
4.675E-01
4.670E-01
4.681E-01
4.691E-01
4.691E-01
4.697E-01
4.708E-01
4.708E-01
4.708E-01
4.708E-01
4.714E-01
4.714E-01
4.718E-01
4.718E-01
4.724E-01
4.729E-01
4.729E-01
4.729E-01
4.729E-01
4.622E-01
4.718E-01
3.820E-01
1.274E-01
1.607E-01
1.295E-01
1.285E-01
1.279E-01
1.279E-01
1.268E-01
1.274E-01
1.263E-01
1.263E-01
1.263E-01
1.252E-01
1.252E-01
1.252E-01
1.252E-01
1.252E-01
1.247E-01
1.252E-01
1.241E-01
1.241E-01
1.236E-01
1.236E-01
1.236E-01
1.241E-01
1.236E-01
1.343E-01
1.241E-01
2.297E-01
4.681E-01
4.348E-01
4.660E-01
4.665E-01
4.670E-01
4.558E-01
4.660E-01
3.610E-01
1.241E-01
1.553E-01
1.290E-01
2.377E-01
4.687E-01
4.369E-01
4.681E-01
4.681E-01
4.687E-01
4.573E-01
4.702E-01
3.566E-01
1.263E-01
1.538E-01
1.290E-01
2.414E-01
4.702E-01
4.428E-01
4.654E-01
3.551E-01
1.258E-01
1.543E-01
1.295E-01
2.468E-01
4.687E-01
4.369E-01
4.675E-01
3.502E-01
1.263E-01
1.570E-01
1.274E-01
1.268E-01
1.247E-01
1.241E-01
1.236E-01
1.241E-01
1.236E-01
1.370E-01
1.279E-01
2.453E-01
4.675E-01
4.342E-01
4.648E-01
3.410E-01
1.241E-01
1.543E-01
1.258E-01
1.247E-01
1.241E-01
1.360E-01
1.226E-01
2.495E-01
4.660E-01
4.379E-01
4.670E-01
3.373E-01
1.247E-01
1.526E-01
1.252E-01
2.576E-01
4.660E-01
4.363E-01
4.660E-01
4.670E-01
4.687E-01
4.691E-01
4.687E-01
4.691E-01
4.687E-01
4.691E-01
4.697E-01
4.708E-01
4.714E-01
4.568E-01
4.718E-01
3.352E-01
1.279E-01
1.565E-01
1.274E-01
1.268E-01
1.258E-01
1.397E-01
1.252E-01
2.614E-01
4.670E-01
4.375E-01
4.660E-01
3.271E-01
1.258E-01
1.538E-01
1.268E-01
2.684E-01
4.665E-01
4.379E-01
4.665E-01
4.681E-01
4.691E-01
4.552E-01
4.724E-01
3.250E-01
1.274E-01
1.553E-01
1.268E-01
1.263E-01
1.258E-01
1.258E-01
1.252E-01
1.241E-01
1.236E-01
1.382E-01
1.236E-01
2.701E-01
4.648E-01
4.401E-01
4.665E-01
3.173E-01
1.263E-01
1.532E-01
1.247E-01
1.236E-01
1.236E-01
1.226E-01
1.231E-01
1.226E-01
1.226E-01
1.370E-01
1.220E-01
2.753E-01
4.643E-01
4.352E-01
4.638E-01
4.654E-01
4.670E-01
4.519E-01
4.675E-01
3.131E-01
1.263E-01
1.532E-01
1.252E-01
1.252E-01
1.241E-01
1.387E-01
1.241E-01
2.813E-01
4.633E-01
4.369E-01
4.648E-01
4.654E-01
4.665E-01
4.525E-01
4.691E-01
3.088E-01
1.268E-01
1.522E-01
1.252E-01
1.247E-01
1.236E-01
1.236E-01
1.236E-01
1.231E-01
1.226E-01
1.382E-01
1.226E-01
2.813E-01
4.633E-01
4.363E-01
4.638E-01
4.660E-01
4.665E-01
4.675E-01
4.681E-01
4.675E-01
4.681E-01
4.525E-01
4.697E-01
3.094E-01
1.290E-01
1.538E-01
1.263E-01
1.252E-01
1.241E-01
1.236E-01
1.236E-01
1.231E-01
1.226E-01
1.226E-01
1.226E-01
1.220E-01
1.220E-01
1.376E-01
1.204E-01
2.807E-01
4.606E-01
4.363E-01
4.633E-01
4.648E-01
4.660E-01
4.492E-01
4.670E-01
3.050E-01
1.263E-01
1.511E-01
1.241E-01
1.241E-01
1.231E-01
1.226E-01
1.220E-01
1.214E-01
1.209E-01
1.214E-01
1.204E-01
1.204E-01
1.204E-01
1.199E-01
1.199E-01
1.193E-01
1.199E-01
1.360E-01
1.204E-01
2.803E-01
4.584E-01
4.352E-01
4.616E-01
4.627E-01
4.643E-01
4.648E-01
4.654E-01
4.654E-01
4.660E-01
4.487E-01
4.660E-01
3.040E-01
1.258E-01
1.522E-01
1.252E-01
2.857E-01
4.616E-01
4.375E-01
4.638E-01
4.648E-01
4.665E-01
4.492E-01
4.687E-01
3.040E-01
1.263E-01
1.495E-01
1.236E-01
1.231E-01
1.220E-01
1.220E-01
1.220E-01
1.214E-01
1.204E-01
1.204E-01
1.204E-01
1.199E-01
1.204E-01
1.387E-01
1.209E-01
2.830E-01
4.595E-01
4.342E-01
4.616E-01
2.986E-01
1.247E-01
1.495E-01
1.214E-01
2.846E-01
4.627E-01
4.342E-01
4.611E-01
2.990E-01
1.241E-01
1.532E-01
1.231E-01
2.857E-01
4.595E-01
4.369E-01
4.627E-01
4.638E-01
4.660E-01
4.481E-01
4.670E-01
3.023E-01
1.247E-01
1.478E-01
1.226E-01
1.220E-01
1.214E-01
1.397E-01
1.220E-01
2.851E-01
4.606E-01
4.331E-01
4.622E-01
2.986E-01
1.236E-01
1.473E-01
1.220E-01
1.220E-01
1.204E-01
1.387E-01
1.187E-01
2.846E-01
4.616E-01
4.379E-01
4.627E-01
4.638E-01
4.648E-01
4.643E-01
4.654E-01
4.648E-01
4.654E-01
4.477E-01
4.675E-01
3.007E-01
1.258E-01
1.478E-01
1.241E-01
1.226E-01
1.220E-01
1.409E-01
1.220E-01
2.872E-01
4.622E-01
4.379E-01
4.627E-01
4.638E-01
4.643E-01
4.654E-01
4.660E-01
4.670E-01
4.670E-01
4.481E-01
4.681E-01
3.002E-01
1.263E-01
1.526E-01
1.258E-01
2.899E-01
4.643E-01
4.363E-01
4.654E-01
2.990E-01
1.258E-01
1.532E-01
1.258E-01
2.905E-01
4.633E-01
4.358E-01
4.643E-01
2.980E-01
1.258E-01
1.549E-01
1.263E-01
2.911E-01
4.654E-01
4.406E-01
4.648E-01
4.665E-01
4.681E-01
4.681E-01
4.681E-01
4.681E-01
4.675E-01
4.665E-01
4.675E-01
4.687E-01
4.697E-01
4.697E-01
4.708E-01
4.702E-01
4.702E-01
4.697E-01
4.697E-01
4.702E-01
4.708E-01
4.718E-01
4.714E-01
4.714E-01
4.714E-01
4.708E-01
4.714E-01
4.718E-01
4.718E-01
4.531E-01
4.741E-01
3.040E-01
1.312E-01
1.570E-01
1.290E-01
2.963E-01
4.691E-01
4.471E-01
4.691E-01
4.708E-01
4.708E-01
4.508E-01
4.741E-01
3.028E-01
1.290E-01
1.565E-01
1.290E-01
2.975E-01
4.697E-01
4.471E-01
4.697E-01
4.714E-01
4.714E-01
4.508E-01
4.729E-01
3.023E-01
1.316E-01
1.522E-01
1.301E-01
1.285E-01
1.274E-01
1.473E-01
1.263E-01
2.959E-01
4.681E-01
4.465E-01
4.691E-01
4.708E-01
4.718E-01
4.714E-01
4.724E-01
4.718E-01
4.718E-01
4.729E-01
4.735E-01
4.735E-01
4.745E-01
4.531E-01
4.751E-01
3.034E-01
1.322E-01
1.526E-01
1.306E-01
1.295E-01
1.290E-01
1.279E-01
1.279E-01
1.274E-01
1.268E-01
1.484E-01
1.258E-01
2.969E-01
4.675E-01
4.471E-01
4.697E-01
4.702E-01
4.718E-01
4.504E-01
4.718E-01
3.007E-01
1.295E-01
1.570E-01
1.290E-01
3.002E-01
4.697E-01
4.444E-01
4.718E-01
2.996E-01
1.301E-01
1.592E-01
1.285E-01
2.996E-01
4.702E-01
4.487E-01
4.702E-01
4.714E-01
4.729E-01
4.735E-01
4.735E-01
4.741E-01
4.735E-01
4.508E-01
4.735E-01
3.013E-01
1.328E-01
1.526E-01
1.312E-01
1.295E-01
1.290E-01
1.495E-01
1.274E-01
3.002E-01
4.708E-01
4.465E-01
4.702E-01
2.986E-01
1.295E-01
1.499E-01
1.285E-01
1.290E-01
1.279E-01
1.274E-01
1.274E-01
1.279E-01
1.279E-01
1.274E-01
1.258E-01
1.252E-01
1.252E-01
1.478E-01
1.258E-01
2.980E-01
4.681E-01
4.477E-01
4.681E-01
4.691E-01
4.697E-01
4.702E-01
4.708E-01
4.718E-01
4.718E-01
4.724E-01
4.735E-01
4.729E-01
4.729E-01
4.508E-01
4.735E-01
2.996E-01
1.322E-01
1.565E-01
1.312E-01
3.044E-01
4.708E-01
4.514E-01
4.714E-01
4.718E-01
4.735E-01
4.735E-01
4.735E-01
4.741E-01
4.745E-01
4.508E-01
4.741E-01
2.996E-01
1.316E-01
1.618E-01
1.316E-01
3.061E-01
4.718E-01
4.531E-01
4.724E-01
4.735E-01
4.745E-01
4.751E-01
4.756E-01
4.751E-01
4.756E-01
4.751E-01
4.751E-01
4.756E-01
4.767E-01
4.535E-01
4.778E-01
3.007E-01
1.328E-01
1.629E-01
1.322E-01
3.077E-01
4.741E-01
4.465E-01
4.741E-01
2.990E-01
1.328E-01
1.516E-01
1.316E-01
1.316E-01
1.301E-01
1.295E-01
1.301E-01
1.301E-01
1.295E-01
1.290E-01
1.285E-01
1.279E-01
1.279E-01
1.279E-01
1.279E-01
1.279E-01
1.279E-01
1.522E-01
1.274E-01
3.034E-01
4.691E-01
4.428E-01
4.687E-01
2.932E-01
1.290E-01
1.478E-01
1.285E-01
1.285E-01
1.274E-01
1.268E-01
1.263E-01
1.268E-01
1.263E-01
1.263E-01
1.263E-01
1.258E-01
1.252E-01
1.252E-01
1.241E-01
1.241E-01
1.241E-01
1.241E-01
1.247E-01
1.247E-01
1.241E-01
1.489E-01
1.236E-01
3.007E-01
4.643E-01
4.396E-01
4.670E-01
2.894E-01
1.247E-01
1.543E-01
1.274E-01
3.034E-01
4.648E-01
4.487E-01
4.681E-01
4.697E-01
4.708E-01
4.460E-01
4.714E-01
2.915E-01
1.274E-01
1.532E-01
1.274E-01
3.055E-01
4.697E-01
4.514E-01
4.697E-01
4.697E-01
4.697E-01
4.708E-01
4.714E-01
4.718E-01
4.714E-01
4.718E-01
4.729E-01
4.724E-01
4.735E-01
4.735E-01
4.729E-01
4.735E-01
4.735E-01
4.481E-01
4.741E-01
2.942E-01
1.290E-01
1.473E-01
1.295E-01
1.285E-01
1.279E-01
1.532E-01
1.285E-01
3.077E-01
4.691E-01
4.531E-01
4.708E-01
4.714E-01
4.714E-01
4.465E-01
4.735E-01
2.915E-01
1.295E-01
1.559E-01
1.306E-01
3.098E-01
4.702E-01
4.535E-01
4.708E-01
4.718E-01
4.729E-01
4.735E-01
4.741E-01
4.745E-01
4.741E-01
4.481E-01
4.745E-01
2.932E-01
1.322E-01
1.484E-01
1.312E-01
1.301E-01
1.285E-01
1.274E-01
1.274E-01
1.279E-01
1.279E-01
1.543E-01
1.279E-01
3.077E-01
4.691E-01
4.412E-01
4.687E-01
2.894E-01
1.301E-01
1.592E-01
1.295E-01
3.094E-01
4.702E-01
4.541E-01
4.708E-01
4.718E-01
4.735E-01
4.745E-01
4.741E-01
4.745E-01
4.741E-01
4.465E-01
4.735E-01
2.905E-01
1.301E-01
1.613E-01
1.333E-01
3.125E-01
4.708E-01
4.444E-01
4.708E-01
2.894E-01
1.312E-01
1.473E-01
1.312E-01
1.301E-01
1.279E-01
1.538E-01
1.274E-01
3.098E-01
4.702E-01
4.552E-01
4.718E-01
4.724E-01
4.724E-01
4.455E-01
4.735E-01
2.899E-01
1.316E-01
1.468E-01
1.306E-01
1.295E-01
1.290E-01
1.549E-01
1.274E-01
3.125E-01
4.714E-01
4.423E-01
4.714E-01
2.840E-01
1.306E-01
1.570E-01
1.295E-01
3.179E-01
4.702E-01
4.450E-01
4.702E-01
2.830E-01
1.301E-01
1.592E-01
1.301E-01
3.206E-01
4.702E-01
4.401E-01
4.702E-01
2.807E-01
1.316E-01
1.602E-01
1.306E-01
3.217E-01
4.697E-01
4.417E-01
4.697E-01
2.765E-01
1.322E-01
1.451E-01
1.301E-01
1.290E-01
1.274E-01
1.553E-01
1.274E-01
3.238E-01
4.697E-01
4.450E-01
4.718E-01
2.732E-01
1.274E-01
1.424E-01
1.274E-01
1.268E-01
1.268E-01
1.549E-01
1.258E-01
3.281E-01
4.687E-01
4.428E-01
4.681E-01
2.668E-01
1.285E-01
1.435E-01
1.285E-01
1.279E-01
1.263E-01
1.252E-01
1.252E-01
1.258E-01
1.258E-01
1.543E-01
1.263E-01
3.329E-01
4.670E-01
4.412E-01
4.675E-01
2.614E-01
1.279E-01
1.592E-01
1.279E-01
3.335E-01
4.687E-01
4.396E-01
4.687E-01
2.609E-01
1.285E-01
1.419E-01
1.274E-01
1.263E-01
1.247E-01
1.236E-01
1.241E-01
1.236E-01
1.247E-01
1.241E-01
1.241E-01
1.236E-01
1.231E-01
1.522E-01
1.226E-01
3.394E-01
4.638E-01
4.417E-01
4.660E-01
2.539E-01
1.258E-01
1.387E-01
1.252E-01
1.241E-01
1.236E-01
1.532E-01
1.241E-01
3.433E-01
4.660E-01
4.519E-01
4.660E-01
4.665E-01
4.675E-01
4.385E-01
4.702E-01
2.528E-01
1.263E-01
1.549E-01
1.258E-01
3.508E-01
